18.2411 -22.55 10.69
18.2411 21.36 10.69
19.2942 -29.27 48.61
18.2411 25.36 44.36
32.4611 -15.96 17.59
28.9927 9.86 17.59
32.4611 -15.92 37.46
28.9927 9.90 37.46
76.0342 -7.76 19.28
58.3619 10.35 19.28
76.0342 -7.76 35.61
58.3619 10.35 35.61
0.0000 24.16 9.01
0.0000 -24.16 9.01
0.0000 30.06 45.88
18.2411 -0.16 55.87
0.0000 5.90 56.53
16.3827 -27.00 62.40
16.3827 -8.96 62.40
59.7873 79.73 19.28
46.6630 64.40 19.28
59.7873 79.73 35.61
46.6630 64.40 35.61
82.2245 29.80 19.28
62.8984 31.16 19.28
82.2245 29.80 35.61
62.8984 31.16 35.61
38.0765 94.86 19.28
21.7324 76.27 19.28
38.0765 94.86 35.61
21.7324 76.27 35.61
31.6340 108.79 21.35
18.5157 94.91 21.35
31.6340 108.79 33.54
18.5157 94.91 33.54
-18.2411 21.36 10.69
-18.2411 25.36 44.36
-18.2411 -22.55 10.69
-28.9927 9.86 17.59
-32.4611 -15.96 17.59
-18.2411 -0.16 55.87
-19.2942 -29.27 48.61
-32.4611 -15.92 37.46
-28.9927 9.90 37.46
-58.3619 10.35 19.28
-76.0342 -7.76 19.28
-76.0342 -7.76 35.61
-58.3619 10.35 35.61
0.0000 -30.06 63.25
-16.3827 -27.00 62.40
-16.3827 -8.96 62.40
0.0000 -5.90 63.25
0.0000 -35.96 47.52
-62.8984 31.16 19.28
-82.2245 29.80 19.28
-82.2245 29.80 35.61
-62.8984 31.16 35.61
-46.6630 64.40 19.28
-59.7873 79.73 19.28
-59.7873 79.73 35.61
-46.6630 64.40 35.61
-21.7324 76.27 19.28
-38.0765 94.86 19.28
-38.0765 94.86 35.61
-21.7324 76.27 35.61
-18.5157 94.91 21.35
-31.6340 108.79 21.35
-31.6340 108.79 33.54
-18.5157 94.91 33.54
10.4844 33.40 27.45
22.4551 -1.82 9.19
22.2265 -1.50 47.89
22.7624 -25.87 27.58
22.1719 22.19 27.49
48.9625 -2.98 15.96
48.9625 -2.97 38.97
56.2142 -17.76 27.45
41.7107 11.79 27.45
10.4844 -0.07 2.42
10.3808 -17.98 64.32
10.5083 -34.19 27.70
10.4844 17.26 53.81
20.5961 -17.43 59.53
10.4326 -0.68 59.86
10.4565 -34.58 58.82
74.6218 12.48 16.24
74.6219 12.48 38.65
88.6939 4.95 27.44
60.5499 20.01 27.44
64.7332 53.15 16.24
64.7332 53.15 38.65
75.5431 58.80 27.44
53.9232 47.51 27.44
40.2154 80.49 16.24
40.2154 80.49 38.65
49.8495 92.98 27.44
30.5812 68.00 27.44
25.6498 94.76 16.68
25.6498 94.76 38.21
37.1302 107.01 27.44
14.1694 82.51 27.44
25.0748 106.67 27.44
-10.4844 33.40 27.45
-22.4551 -1.82 9.19
-22.2265 -1.50 47.89
-22.7624 -25.87 27.58
-22.1719 22.19 27.49
-48.9624 -2.98 15.96
-48.9624 -2.97 38.97
-56.2142 -17.76 27.45
-41.7107 11.79 27.45
-10.4844 -0.07 2.42
-10.3808 -17.98 64.32
-10.5083 -34.19 27.70
-10.4844 17.26 53.81
-20.5961 -17.43 59.53
-10.4326 -0.68 59.86
-10.4565 -34.58 58.82
-74.6218 12.48 16.24
-74.6218 12.48 38.65
-88.6939 4.95 27.44
-60.5499 20.01 27.44
-64.7332 53.15 16.24
-64.7332 53.15 38.65
-75.5431 58.80 27.44
-53.9232 47.51 27.44
-40.2154 80.49 16.24
-40.2154 80.49 38.65
-49.8495 92.98 27.44
-30.5812 68.00 27.44
-25.6498 94.76 16.68
-25.6498 94.76 38.21
-37.1302 107.01 27.44
-14.1694 82.51 27.44
-25.0748 106.67 27.44
18.2411 -0.60 4.46
10.4844 -23.97 9.21
21.1408 -13.10 54.16
10.4844 29.50 45.70
18.3466 -31.57 27.90
18.2411 30.00 27.46
22.6616 -19.25 14.14
22.2487 15.61 14.14
22.8337 -20.13 41.57
22.2487 16.39 41.13
30.7269 -3.05 13.93
30.7269 -2.95 41.35
33.1063 -20.75 27.46
28.3474 14.67 27.46
54.2476 -13.75 19.08
43.6773 7.78 19.08
54.2476 -13.75 35.83
43.6773 7.79 35.83
67.1980 1.30 16.24
67.1980 1.30 38.65
79.3220 -11.13 27.44
55.0740 13.72 27.44
10.4844 23.83 9.21
10.5898 -35.32 47.65
0.0000 0.00 2.14
0.0000 17.98 54.01
0.0000 33.85 27.44
18.2411 11.95 52.28
10.4844 5.18 56.45
17.6521 -17.98 62.98
10.2565 -6.39 63.11
10.2565 -29.58 63.11
18.0521 -29.47 58.97
17.9466 -5.70 59.71
84.8777 6.99 19.28
64.3660 17.97 19.28
84.8777 6.99 35.61
64.3660 17.97 35.61
53.2252 72.07 16.24
53.2252 72.07 38.65
62.2290 82.58 27.44
44.2213 61.55 27.44
72.6116 57.27 19.28
56.8547 49.04 19.28
72.6116 57.27 35.61
56.8547 49.04 35.61
72.5615 30.48 16.24
72.5615 30.48 38.65
85.8200 29.55 27.44
59.3029 31.41 27.44
47.2368 89.59 19.28
33.1939 71.39 19.28
47.2368 89.59 35.61
33.1939 71.39 35.61
29.9044 85.57 16.24
29.9044 85.57 38.65
41.1173 98.32 27.44
18.6916 72.81 27.44
34.0104 103.52 19.61
17.2892 85.68 19.61
34.0104 103.52 35.28
17.2892 85.68 35.28
25.0748 103.47 19.93
25.0748 103.47 34.96
33.1556 112.01 27.44
16.9941 94.92 27.44
-10.4844 23.83 9.21
-10.4844 29.50 45.70
-18.2411 30.00 27.46
-18.2411 -0.60 4.46
-22.2487 15.61 14.14
-30.7269 -3.05 13.93
-22.6616 -19.25 14.14
-18.2411 11.95 52.28
-21.1408 -13.10 54.16
-22.8337 -20.13 41.57
-30.7269 -2.95 41.35
-22.2487 16.39 41.13
-18.3466 -31.57 27.90
-33.1063 -20.75 27.46
-28.3474 14.67 27.46
-43.6773 7.78 19.08
-67.1980 1.30 16.24
-54.2476 -13.75 19.08
-54.2476 -13.75 35.83
-67.1980 1.30 38.65
-43.6773 7.79 35.83
-79.3220 -11.13 27.44
-55.0740 13.72 27.44
-10.4844 -23.97 9.21
-10.2565 -29.58 63.11
-17.6521 -17.98 62.98
-10.2565 -6.39 63.11
0.0000 -17.98 64.50
-10.5898 -35.32 47.65
0.0000 -34.56 27.64
-10.4844 5.18 56.45
-17.9466 -5.70 59.71
-18.0521 -29.47 58.97
0.0000 0.00 59.89
0.0000 -35.26 58.82
-64.3660 17.97 19.28
-72.5615 30.48 16.24
-84.8777 6.99 19.28
-84.8777 6.99 35.61
-72.5615 30.48 38.65
-64.3660 17.97 35.61
-85.8200 29.55 27.44
-59.3029 31.41 27.44
-56.8547 49.04 19.28
-53.2252 72.07 16.24
-72.6116 57.27 19.28
-72.6116 57.27 35.61
-53.2252 72.07 38.65
-56.8547 49.04 35.61
-62.2290 82.58 27.44
-44.2213 61.55 27.44
-33.1939 71.39 19.28
-29.9044 85.57 16.24
-47.2368 89.59 19.28
-47.2368 89.59 35.61
-29.9044 85.57 38.65
-33.1939 71.39 35.61
-41.1173 98.32 27.44
-18.6916 72.81 27.44
-17.2892 85.68 19.61
-25.0748 103.47 19.93
-34.0104 103.52 19.61
-34.0104 103.52 35.28
-25.0748 103.47 34.96
-17.2892 85.68 35.28
-33.1556 112.01 27.44
-16.9941 94.92 27.44
14.8742 29.54 17.75
5.4127 30.93 17.38
5.4127 33.31 37.51
14.8742 31.61 37.17
20.4467 -12.03 8.02
20.4242 9.72 8.02
25.0943 5.69 12.84
25.8841 -10.67 12.84
20.4211 14.20 47.60
20.3261 -0.59 53.03
21.4291 -16.83 48.90
25.9048 -10.66 42.67
25.0912 5.93 42.63
20.7171 -28.16 36.80
20.4693 -26.66 19.18
26.4137 -21.63 21.21
26.4216 -21.64 33.84
20.4091 24.33 19.15
20.4091 25.27 35.87
24.5650 16.70 33.81
24.5650 16.65 21.21
40.8243 -9.68 16.10
37.1687 3.01 16.10
54.9794 3.91 16.97
62.8774 -7.07 16.97
37.1687 3.04 38.92
40.8243 -9.65 38.92
62.8774 -7.06 37.92
54.9794 3.91 37.92
43.2744 -18.17 32.32
43.2744 -18.18 22.60
68.1707 -14.42 22.97
68.1707 -14.42 31.92
34.7186 11.51 22.60
34.7186 11.51 32.32
49.6861 11.27 31.92
49.6861 11.27 22.97
5.4127 13.18 3.89
14.8742 12.45 4.76
14.8742 -12.95 4.76
5.4127 -13.20 3.89
5.3961 -24.56 64.17
14.3313 -23.74 63.59
14.3313 -12.22 63.59
5.3961 -11.41 64.17
5.4129 -31.02 17.40
14.8816 -30.09 17.79
15.1127 -34.04 38.46
5.4201 -35.77 38.21
14.8742 8.81 54.95
14.8742 22.32 50.39
5.4127 24.52 51.14
5.4127 11.31 55.45
20.5048 -23.36 56.12
20.2577 -9.10 57.49
18.9937 -12.15 61.46
19.0009 -23.71 61.42
14.8574 -0.09 57.93
5.4121 2.32 58.05
5.3966 -2.45 61.72
14.3480 -4.53 61.48
5.4196 -35.82 54.31
15.0960 -33.42 54.61
14.3555 -31.36 61.39
5.3968 -33.44 61.61
77.7269 1.89 17.00
66.9749 10.10 17.00
68.9629 22.40 17.00
80.0807 18.94 17.00
66.9749 10.10 37.89
77.7269 1.89 37.89
80.0807 18.94 37.89
68.9629 22.40 37.89
84.9330 -3.61 31.91
84.9330 -3.61 22.98
87.5320 16.63 22.98
87.5320 16.63 31.91
59.7687 15.59 22.98
59.7687 15.59 31.91
61.5115 24.72 31.91
61.5115 24.72 22.98
64.3901 40.69 17.00
55.4810 60.35 17.00
63.1825 67.04 17.00
74.0392 42.65 17.00
74.0392 42.65 37.89
63.1825 67.04 37.89
55.4810 60.35 37.89
64.3901 40.69 37.89
80.5061 43.97 22.98
68.3442 71.53 22.98
68.3442 71.53 31.91
80.5061 43.97 31.91
57.9232 39.37 31.91
50.3193 55.87 31.91
50.3193 55.87 22.98
57.9232 39.37 22.98
50.2832 82.05 17.00
43.0652 72.63 17.00
30.2712 77.73 17.00
38.5914 87.87 17.00
43.0652 72.63 37.89
50.2832 82.05 37.89
38.5914 87.87 37.89
30.2712 77.73 37.89
55.1207 88.36 31.91
55.1207 88.36 22.98
44.1677 94.67 22.98
44.1677 94.67 31.91
38.2276 66.32 22.98
38.2276 66.32 31.91
24.6948 70.94 31.91
24.6948 70.94 22.98
31.7298 94.83 17.04
22.4445 84.71 17.04
20.9457 94.86 18.44
29.3190 103.73 18.44
22.4445 84.71 37.85
31.7298 94.83 37.85
29.3190 103.73 36.45
20.9457 94.86 36.45
37.9538 101.61 31.89
37.9538 101.61 23.00
34.8115 109.54 23.55
34.8115 109.54 31.34
16.2205 77.93 23.00
16.2205 77.93 31.89
15.4531 89.05 31.34
15.4531 89.05 23.55
20.9036 100.71 23.57
20.9036 100.71 31.32
29.2461 109.54 31.32
29.2461 109.54 23.57
-14.8742 29.54 17.75
-14.8742 31.61 37.17
-5.4127 33.31 37.51
-5.4127 30.93 17.38
-20.4467 -12.03 8.02
-25.8841 -10.67 12.84
-25.0943 5.69 12.84
-20.4242 9.72 8.02
-20.4211 14.20 47.60
-25.0912 5.93 42.63
-25.9048 -10.66 42.67
-21.4291 -16.83 48.90
-20.3261 -0.59 53.03
-20.7171 -28.16 36.80
-26.4216 -21.64 33.84
-26.4137 -21.63 21.21
-20.4693 -26.66 19.18
-20.4091 24.33 19.15
-24.5650 16.65 21.21
-24.5650 16.70 33.81
-20.4091 25.27 35.87
-40.8243 -9.68 16.10
-62.8774 -7.07 16.97
-54.9794 3.91 16.97
-37.1687 3.01 16.10
-37.1687 3.04 38.92
-54.9794 3.91 37.92
-62.8774 -7.06 37.92
-40.8243 -9.65 38.92
-43.2744 -18.17 32.32
-68.1707 -14.42 31.92
-68.1707 -14.42 22.97
-43.2744 -18.18 22.60
-34.7186 11.51 22.60
-49.6861 11.27 22.97
-49.6861 11.27 31.92
-34.7186 11.51 32.32
-5.4127 13.18 3.89
-5.4127 -13.20 3.89
-14.8742 -12.95 4.76
-14.8742 12.45 4.76
-5.3961 -24.56 64.17
-5.3961 -11.41 64.17
-14.3313 -12.22 63.59
-14.3313 -23.74 63.59
-5.4129 -31.02 17.40
-5.4201 -35.77 38.21
-15.1127 -34.04 38.46
-14.8816 -30.09 17.79
-14.8742 8.81 54.95
-5.4127 11.31 55.45
-5.4127 24.52 51.14
-14.8742 22.32 50.39
-20.5048 -23.36 56.12
-19.0009 -23.71 61.42
-18.9937 -12.15 61.46
-20.2577 -9.10 57.49
-14.8574 -0.09 57.93
-14.3480 -4.53 61.48
-5.3966 -2.45 61.72
-5.4121 2.32 58.05
-5.4196 -35.82 54.31
-5.3968 -33.44 61.61
-14.3555 -31.36 61.39
-15.0960 -33.42 54.61
-77.7269 1.89 17.00
-80.0807 18.94 17.00
-68.9629 22.40 17.00
-66.9749 10.10 17.00
-66.9749 10.10 37.89
-68.9629 22.40 37.89
-80.0807 18.94 37.89
-77.7269 1.89 37.89
-84.9330 -3.61 31.91
-87.5320 16.63 31.91
-87.5320 16.63 22.98
-84.9330 -3.61 22.98
-59.7687 15.59 22.98
-61.5115 24.72 22.98
-61.5115 24.72 31.91
-59.7687 15.59 31.91
-64.3901 40.69 17.00
-74.0392 42.65 17.00
-63.1825 67.04 17.00
-55.4810 60.35 17.00
-74.0392 42.65 37.89
-64.3901 40.69 37.89
-55.4810 60.35 37.89
-63.1825 67.04 37.89
-80.5061 43.97 22.98
-80.5061 43.97 31.91
-68.3442 71.53 31.91
-68.3442 71.53 22.98
-57.9232 39.37 31.91
-57.9232 39.37 22.98
-50.3193 55.87 22.98
-50.3193 55.87 31.91
-50.2832 82.05 17.00
-38.5914 87.87 17.00
-30.2712 77.73 17.00
-43.0652 72.63 17.00
-43.0652 72.63 37.89
-30.2712 77.73 37.89
-38.5914 87.87 37.89
-50.2832 82.05 37.89
-55.1207 88.36 31.91
-44.1677 94.67 31.91
-44.1677 94.67 22.98
-55.1207 88.36 22.98
-38.2276 66.32 22.98
-24.6948 70.94 22.98
-24.6948 70.94 31.91
-38.2276 66.32 31.91
-31.7298 94.83 17.04
-29.3190 103.73 18.44
-20.9457 94.86 18.44
-22.4445 84.71 17.04
-22.4445 84.71 37.85
-20.9457 94.86 36.45
-29.3190 103.73 36.45
-31.7298 94.83 37.85
-37.9538 101.61 31.89
-34.8115 109.54 31.34
-34.8115 109.54 23.55
-37.9538 101.61 23.00
-16.2205 77.93 23.00
-15.4531 89.05 23.55
-15.4531 89.05 31.34
-16.2205 77.93 31.89
-20.9036 100.71 23.57
-29.2461 109.54 23.57
-29.2461 109.54 31.32
-20.9036 100.71 31.32
14.8742 22.99 9.71
10.4844 30.57 17.48
14.8742 32.25 27.45
18.2411 27.53 18.29
0.0000 30.98 17.37
5.4127 33.81 27.45
5.4127 24.13 9.03
5.4127 30.01 45.87
10.4844 32.86 37.42
0.0000 33.36 37.52
18.2411 29.15 36.67
14.8742 28.10 45.25
18.2411 -12.60 6.02
20.4355 -1.15 6.60
22.5680 -11.35 10.43
20.4561 -21.06 12.26
20.4148 18.75 12.26
22.3423 7.71 10.43
18.2411 11.40 6.02
29.7791 4.01 14.84
25.4892 -2.49 11.78
24.7666 12.47 16.03
26.2118 -17.45 16.03
31.6746 -10.10 14.84
18.2411 19.16 49.33
20.4003 6.28 50.61
22.3235 9.07 45.30
20.4148 21.06 42.94
20.3040 -5.83 55.22
21.3342 -8.17 51.29
18.2411 5.21 54.22
21.0332 -24.20 44.49
22.8019 -12.54 45.66
20.8639 -21.17 52.40
31.6746 -10.03 40.35
25.4741 -2.31 43.93
26.2290 -17.47 39.21
24.7666 12.61 39.17
29.7791 4.08 40.35
18.6197 -31.63 38.21
20.5381 -28.92 27.77
22.8002 -24.56 35.16
22.7216 -24.13 20.19
18.2516 -28.76 18.33
32.9450 -19.56 22.06
26.4831 -23.02 27.49
32.9450 -19.54 32.90
20.4071 26.43 27.48
22.1911 20.48 20.18
22.1911 20.80 34.88
28.5087 13.48 32.90
24.4978 18.05 27.48
28.5087 13.47 22.06
38.9965 -3.34 15.28
51.8509 -8.87 16.74
42.3410 -14.94 18.58
35.6520 8.27 18.58
46.0740 2.90 16.74
62.3690 6.25 17.00
58.9284 -1.58 16.21
51.7026 8.46 19.26
66.1542 -11.62 19.26
72.0271 -3.65 17.00
38.9965 -3.30 39.77
46.0740 2.91 38.18
35.6520 8.28 36.38
42.3410 -14.92 36.38
51.8509 -8.86 38.18
72.0271 -3.65 37.89
58.9284 -1.58 38.68
66.1542 -11.62 35.63
51.7026 8.47 35.63
62.3690 6.25 37.89
43.5855 -19.25 27.45
55.7225 -16.76 32.03
55.7225 -16.76 22.87
78.5001 -10.28 22.98
68.8429 -15.36 27.45
78.5001 -10.28 31.91
34.4075 12.59 27.45
42.2024 10.79 22.87
42.2024 10.79 32.03
55.8960 12.88 31.91
49.0139 12.20 27.45
55.8960 12.88 22.98
10.4844 12.99 4.12
5.4127 -0.01 2.17
0.0000 13.20 3.86
14.8742 -0.25 3.11
14.8742 -23.49 9.71
10.4844 -13.13 4.12
0.0000 -13.20 3.86
5.4127 -24.14 9.03
5.3899 -30.01 63.24
10.3186 -24.32 64.02
5.4023 -17.98 64.48
0.0000 -24.58 64.19
17.2336 -23.33 62.79
14.5397 -17.98 63.86
14.0919 -28.45 62.80
14.0919 -7.51 62.80
10.3186 -11.65 64.02
17.2336 -12.63 62.79
0.0000 -11.38 64.19
5.3899 -5.95 63.24
10.4868 -30.77 17.50
5.4151 -34.52 27.65
0.0000 -31.05 17.39
14.9485 -33.29 27.83
15.2501 -33.62 47.96
10.5587 -35.31 38.30
0.0000 -35.82 38.21
5.4232 -35.90 47.54
14.8742 15.47 53.29
10.4844 10.64 55.32
14.8742 3.38 56.26
10.4844 23.94 50.94
0.0000 24.58 51.16
5.4127 17.91 53.99
5.4127 5.83 56.52
0.0000 11.38 55.47
21.0100 -16.02 56.98
19.9890 -23.99 59.25
18.5903 -29.66 55.12
18.2116 -3.56 57.77
19.9170 -10.99 59.66
19.5845 -17.93 61.54
17.2631 -7.44 61.36
17.2736 -28.44 61.29
10.4792 1.68 58.02
14.7069 -2.38 59.78
0.0000 2.39 58.05
5.4075 -0.07 59.89
10.3238 -3.00 61.65
0.0000 -2.39 61.73
10.5535 -35.20 54.39
5.4099 -35.19 58.82
0.0000 -35.89 54.30
14.7813 -32.88 58.85
10.3262 -32.89 61.54
0.0000 -33.50 61.62
72.3509 5.99 16.24
80.2268 9.48 17.00
82.1878 -1.52 19.28
62.5139 13.50 19.28
69.0169 15.48 17.00
67.2805 30.85 17.00
74.5218 20.67 16.24
64.3501 23.83 19.28
84.6934 17.51 19.28
77.8424 30.11 17.00
72.3509 5.99 38.65
69.0169 15.48 37.89
62.5139 13.50 35.61
82.1878 -1.52 35.61
80.2268 9.48 37.89
77.8424 30.11 37.89
74.5218 20.67 38.65
84.6934 17.51 35.61
64.3501 23.83 35.61
67.2805 30.85 37.89
85.8481 -4.31 27.44
87.7398 5.46 31.91
87.7398 5.46 22.98
84.9212 29.61 22.98
88.4782 16.33 27.44
84.9212 29.61 31.91
58.8537 16.29 27.44
61.5039 19.50 22.98
61.5039 19.50 31.91
60.2017 31.35 31.91
60.5653 25.01 27.44
60.2017 31.35 22.98
60.3868 39.87 19.28
60.4275 50.90 17.00
69.2147 41.67 16.24
49.6389 67.88 17.00
59.3318 63.70 16.24
52.2857 57.57 19.28
66.3778 69.82 19.28
69.0388 55.41 17.00
56.8115 76.25 17.00
78.0425 43.47 19.28
78.0425 43.47 35.61
69.0388 55.41 37.89
69.2147 41.67 38.65
56.8115 76.25 37.89
59.3317 63.70 38.65
66.3778 69.82 35.61
52.2857 57.57 35.61
60.4275 50.90 37.89
49.6389 67.88 37.89
60.3868 39.87 35.61
74.8102 58.42 22.98
81.3273 44.14 27.44
61.6186 81.86 22.98
68.9996 72.10 27.44
74.8102 58.42 31.91
61.6186 81.86 31.91
54.6561 47.89 31.91
57.1020 39.20 27.44
44.8317 62.27 31.91
49.6639 55.30 27.44
54.6561 47.89 22.98
44.8317 62.27 22.98
46.6742 77.34 16.24
44.0527 85.46 17.00
53.2778 85.95 19.28
40.0705 68.73 19.28
36.3780 75.52 17.00
25.4383 80.49 17.00
34.4313 82.80 16.24
26.8192 73.53 19.28
42.0434 92.08 19.28
34.3706 90.65 17.00
46.6742 77.34 38.65
36.3780 75.52 37.89
40.0705 68.73 35.61
53.2778 85.95 35.61
44.0527 85.46 37.89
34.3706 90.65 37.89
34.4313 82.80 38.65
42.0434 92.08 35.61
26.8192 73.53 35.61
25.4383 80.49 37.89
55.7350 89.16 27.44
49.1963 92.13 31.91
49.1963 92.13 22.98
40.3571 97.45 22.98
44.8758 95.53 27.44
40.3571 97.45 31.91
37.6134 65.52 27.44
31.2344 68.85 22.98
31.2344 68.85 31.91
19.4518 73.68 31.91
23.9867 70.08 27.44
19.4518 73.68 22.98
27.0872 89.78 16.28
30.2176 99.55 17.41
35.5825 99.02 19.31
18.5918 80.51 19.31
21.0820 89.81 17.41
21.1831 98.82 20.40
25.1323 99.56 17.78
17.5252 90.94 20.37
32.7394 107.05 20.37
28.9666 107.05 20.40
27.0872 89.78 38.61
21.0820 89.81 37.48
18.5919 80.51 35.58
35.5825 99.02 35.58
30.2176 99.55 37.48
28.9666 107.05 34.49
25.1323 99.56 37.11
32.7394 107.05 34.52
17.5252 90.94 34.52
21.1831 98.82 34.49
38.7444 102.48 27.44
36.3489 106.10 31.73
36.3489 106.10 23.16
32.6540 110.95 23.83
35.5165 110.56 27.44
32.6540 110.95 31.06
15.4299 77.08 27.44
14.9506 83.26 23.16
14.9506 83.26 31.73
17.4957 94.92 31.06
14.7482 88.57 27.44
17.4957 94.92 23.83
20.6612 101.20 27.44
25.0748 105.87 23.34
25.0748 105.87 31.55
29.4884 110.54 27.44
-18.2411 27.53 18.29
-14.8742 32.25 27.45
-10.4844 30.57 17.48
-14.8742 22.99 9.71
-14.8742 28.10 45.25
-10.4844 32.86 37.42
-18.2411 29.15 36.67
-5.4127 33.81 27.45
-5.4127 30.01 45.87
-5.4127 24.13 9.03
-20.4561 -21.06 12.26
-22.5680 -11.35 10.43
-20.4355 -1.15 6.60
-18.2411 -12.60 6.02
-31.6746 -10.10 14.84
-25.4892 -2.49 11.78
-26.2118 -17.45 16.03
-24.7666 12.47 16.03
-22.3423 7.71 10.43
-29.7791 4.01 14.84
-18.2411 11.40 6.02
-20.4148 18.75 12.26
-20.4148 21.06 42.94
-22.3235 9.07 45.30
-20.4003 6.28 50.61
-18.2411 19.16 49.33
-29.7791 4.08 40.35
-25.4741 -2.31 43.93
-24.7666 12.61 39.17
-26.2290 -17.47 39.21
-22.8019 -12.54 45.66
-31.6746 -10.03 40.35
-20.8639 -21.17 52.40
-21.3342 -8.17 51.29
-21.0332 -24.20 44.49
-18.2411 5.21 54.22
-20.3040 -5.83 55.22
-22.8002 -24.56 35.16
-20.5381 -28.92 27.77
-18.6197 -31.63 38.21
-32.9450 -19.54 32.90
-26.4831 -23.02 27.49
-22.7216 -24.13 20.19
-32.9450 -19.56 22.06
-18.2516 -28.76 18.33
-22.1911 20.48 20.18
-20.4071 26.43 27.48
-28.5087 13.47 22.06
-24.4978 18.05 27.48
-22.1911 20.80 34.88
-28.5087 13.48 32.90
-42.3410 -14.94 18.58
-51.8509 -8.87 16.74
-38.9965 -3.34 15.28
-72.0271 -3.65 17.00
-58.9284 -1.58 16.21
-66.1542 -11.62 19.26
-51.7026 8.46 19.26
-46.0740 2.90 16.74
-62.3690 6.25 17.00
-35.6520 8.27 18.58
-35.6520 8.28 36.38
-46.0740 2.91 38.18
-38.9965 -3.30 39.77
-62.3690 6.25 37.89
-58.9284 -1.58 38.68
-51.7026 8.47 35.63
-66.1542 -11.62 35.63
-51.8509 -8.86 38.18
-72.0271 -3.65 37.89
-42.3410 -14.92 36.38
-55.7225 -16.76 32.03
-43.5855 -19.25 27.45
-78.5001 -10.28 31.91
-68.8429 -15.36 27.45
-55.7225 -16.76 22.87
-78.5001 -10.28 22.98
-42.2024 10.79 22.87
-34.4075 12.59 27.45
-55.8960 12.88 22.98
-49.0139 12.20 27.45
-42.2024 10.79 32.03
-55.8960 12.88 31.91
-5.4127 -0.01 2.17
-10.4844 12.99 4.12
-5.4127 -24.14 9.03
-10.4844 -13.13 4.12
-14.8742 -0.25 3.11
-14.8742 -23.49 9.71
-5.4023 -17.98 64.48
-10.3186 -24.32 64.02
-5.3899 -30.01 63.24
-5.3899 -5.95 63.24
-10.3186 -11.65 64.02
-17.2336 -12.63 62.79
-14.5397 -17.98 63.86
-14.0919 -7.51 62.80
-14.0919 -28.45 62.80
-17.2336 -23.33 62.79
-5.4151 -34.52 27.65
-10.4868 -30.77 17.50
-5.4232 -35.90 47.54
-10.5587 -35.31 38.30
-14.9485 -33.29 27.83
-15.2501 -33.62 47.96
-14.8742 3.38 56.26
-10.4844 10.64 55.32
-14.8742 15.47 53.29
-5.4127 17.91 53.99
-5.4127 5.83 56.52
-10.4844 23.94 50.94
-18.5903 -29.66 55.12
-19.9890 -23.99 59.25
-21.0100 -16.02 56.98
-19.5845 -17.93 61.54
-17.2736 -28.44 61.29
-17.2631 -7.44 61.36
-19.9170 -10.99 59.66
-18.2116 -3.56 57.77
-14.7069 -2.38 59.78
-10.4792 1.68 58.02
-10.3238 -3.00 61.65
-5.4075 -0.07 59.89
-5.4099 -35.19 58.82
-10.5535 -35.20 54.39
-10.3262 -32.89 61.54
-14.7813 -32.88 58.85
-82.1878 -1.52 19.28
-80.2268 9.48 17.00
-72.3509 5.99 16.24
-77.8424 30.11 17.00
-74.5218 20.67 16.24
-84.6934 17.51 19.28
-64.3501 23.83 19.28
-69.0169 15.48 17.00
-67.2805 30.85 17.00
-62.5139 13.50 19.28
-62.5139 13.50 35.61
-69.0169 15.48 37.89
-72.3509 5.99 38.65
-67.2805 30.85 37.89
-74.5218 20.67 38.65
-64.3501 23.83 35.61
-84.6934 17.51 35.61
-80.2268 9.48 37.89
-77.8424 30.11 37.89
-82.1878 -1.52 35.61
-87.7398 5.46 31.91
-85.8481 -4.31 27.44
-84.9212 29.61 31.91
-88.4782 16.33 27.44
-87.7398 5.46 22.98
-84.9212 29.61 22.98
-61.5039 19.50 22.98
-58.8537 16.29 27.44
-60.2017 31.35 22.98
-60.5653 25.01 27.44
-61.5039 19.50 31.91
-60.2017 31.35 31.91
-69.2147 41.67 16.24
-60.4275 50.90 17.00
-60.3868 39.87 19.28
-78.0425 43.47 19.28
-69.0388 55.41 17.00
-56.8115 76.25 17.00
-59.3317 63.70 16.24
-66.3778 69.82 19.28
-52.2857 57.57 19.28
-49.6389 67.88 17.00
-69.2147 41.67 38.65
-69.0388 55.41 37.89
-78.0425 43.47 35.61
-60.3868 39.87 35.61
-60.4275 50.90 37.89
-49.6389 67.88 37.89
-59.3318 63.70 38.65
-52.2857 57.57 35.61
-66.3778 69.82 35.61
-56.8115 76.25 37.89
-81.3273 44.14 27.44
-74.8102 58.42 22.98
-74.8102 58.42 31.91
-61.6186 81.86 31.91
-68.9996 72.10 27.44
-61.6186 81.86 22.98
-57.1020 39.20 27.44
-54.6561 47.89 31.91
-54.6561 47.89 22.98
-44.8317 62.27 22.98
-49.6639 55.30 27.44
-44.8317 62.27 31.91
-53.2778 85.95 19.28
-44.0527 85.46 17.00
-46.6742 77.34 16.24
-34.3706 90.65 17.00
-34.4313 82.80 16.24
-42.0434 92.08 19.28
-26.8192 73.53 19.28
-36.3780 75.52 17.00
-25.4383 80.49 17.00
-40.0705 68.73 19.28
-40.0705 68.73 35.61
-36.3780 75.52 37.89
-46.6742 77.34 38.65
-25.4383 80.49 37.89
-34.4313 82.80 38.65
-26.8192 73.53 35.61
-42.0434 92.08 35.61
-44.0527 85.46 37.89
-34.3706 90.65 37.89
-53.2778 85.95 35.61
-49.1963 92.13 31.91
-55.7350 89.16 27.44
-40.3571 97.45 31.91
-44.8758 95.53 27.44
-49.1963 92.13 22.98
-40.3571 97.45 22.98
-31.2344 68.85 22.98
-37.6134 65.52 27.44
-19.4518 73.68 22.98
-23.9867 70.08 27.44
-31.2344 68.85 31.91
-19.4518 73.68 31.91
-35.5825 99.02 19.31
-30.2176 99.55 17.41
-27.0872 89.78 16.28
-28.9666 107.05 20.40
-25.1323 99.56 17.78
-32.7394 107.05 20.37
-17.5252 90.94 20.37
-21.0820 89.81 17.41
-21.1831 98.82 20.40
-18.5919 80.51 19.31
-18.5918 80.51 35.58
-21.0820 89.81 37.48
-27.0872 89.78 38.61
-21.1831 98.82 34.49
-25.1323 99.56 37.11
-17.5252 90.94 34.52
-32.7394 107.05 34.52
-30.2176 99.55 37.48
-28.9666 107.05 34.49
-35.5825 99.02 35.58
-36.3489 106.10 31.73
-38.7444 102.48 27.44
-32.6540 110.95 31.06
-35.5165 110.56 27.44
-36.3489 106.10 23.16
-32.6540 110.95 23.83
-14.9506 83.26 23.16
-15.4299 77.08 27.44
-17.4957 94.92 23.83
-14.7482 88.57 27.44
-14.9506 83.26 31.73
-17.4957 94.92 31.06
-25.0748 105.87 23.34
-20.6612 101.20 27.44
-29.4884 110.54 27.44
-25.0748 105.87 31.55
16.7068 25.99 13.75
12.7858 27.34 13.18
12.7858 32.00 22.41
16.7068 30.43 22.62
2.7276 28.10 12.86
2.7276 32.87 22.30
8.0124 32.70 22.32
8.0124 27.94 12.93
2.7276 32.03 42.02
8.0124 31.82 41.97
8.0124 33.80 32.57
2.7276 34.00 32.59
16.7068 29.08 41.21
16.7068 31.31 32.30
12.7858 33.04 32.49
12.7858 30.97 41.73
19.4344 -17.46 8.80
19.4344 -6.72 5.82
21.4159 -6.70 8.20
21.4581 -16.26 10.86
19.4344 15.76 8.80
21.3275 13.30 10.86
21.3698 3.74 8.20
19.4344 5.01 5.82
26.8441 8.17 15.15
27.4356 1.08 13.18
23.6558 2.35 10.80
23.4446 10.62 13.10
28.6724 -13.75 15.15
24.0975 -14.95 13.10
23.8863 -6.68 10.80
28.0809 -6.66 13.18
19.4344 20.31 46.42
19.4344 13.11 50.20
21.3198 7.10 48.08
21.3275 15.40 44.55
19.4344 -0.32 54.64
20.8899 -6.99 53.51
21.1035 -0.98 50.86
19.4344 5.82 52.68
20.7157 -23.21 48.90
21.9163 -18.61 45.40
21.8841 -9.82 48.63
21.2564 -14.99 51.84
28.6724 -13.67 40.08
28.0809 -6.53 42.22
23.8942 -6.77 45.23
24.1892 -15.32 42.48
26.8441 8.25 40.08
23.4446 11.14 42.31
23.6058 2.83 45.15
27.4356 1.20 42.22
19.9912 -28.75 42.31
19.6262 -30.51 32.73
21.6001 -27.25 31.88
21.7339 -24.58 39.72
19.4344 -25.28 14.77
21.4888 -23.22 16.16
21.5234 -26.81 23.55
19.4728 -29.45 23.13
29.1026 -18.90 19.08
29.3177 -21.48 24.50
24.3318 -23.99 24.03
24.2512 -20.97 17.69
29.1026 -18.86 35.96
24.3002 -21.19 37.59
24.3472 -24.07 31.05
29.3177 -21.47 30.45
19.4344 23.57 14.77
19.4344 27.63 22.98
21.2814 23.80 23.48
21.2968 20.26 16.16
19.4344 25.70 40.28
21.2968 21.24 38.97
21.2814 24.08 31.51
19.4344 28.24 31.97
26.4139 13.36 35.96
26.1989 15.91 30.45
23.2141 19.73 30.97
23.2909 16.88 37.44
26.4139 13.32 19.08
23.2909 16.64 17.69
23.2141 19.66 24.02
26.1989 15.90 24.50
36.5025 -12.87 16.64
35.2350 -6.64 14.91
45.0718 -6.38 15.89
47.2689 -12.08 17.48
32.5847 6.38 16.64
40.4780 5.55 17.48
42.6751 -0.15 15.89
33.8522 0.15 14.91
56.9822 7.24 17.95
61.1228 2.33 16.43
52.3000 0.47 16.32
49.0889 5.80 17.85
69.7803 -7.94 17.95
59.0140 -10.67 17.85
55.8029 -5.34 16.32
65.6398 -3.03 16.43
32.5847 6.42 38.40
33.8522 0.21 40.22
42.6751 -0.13 39.09
40.4780 5.56 37.46
36.5025 -12.83 38.40
47.2689 -12.07 37.46
45.0718 -6.36 39.09
35.2350 -6.58 40.22
69.7803 -7.94 36.94
65.6398 -3.03 38.46
55.8029 -5.34 38.59
59.0140 -10.67 37.05
56.9822 7.24 36.94
49.0889 5.80 37.05
52.3000 0.47 38.59
61.1228 2.33 38.46
37.4243 -17.38 34.86
37.8853 -19.66 30.06
49.6656 -18.30 29.85
48.8667 -16.22 34.25
37.4243 -17.40 20.10
48.8667 -16.23 20.67
49.6656 -18.30 25.06
37.8853 -19.66 24.86
72.7916 -11.52 20.99
74.2973 -13.30 25.17
62.5169 -16.49 25.14
61.3493 -14.55 20.92
72.7916 -11.52 33.90
61.3493 -14.55 33.97
62.5169 -16.49 29.75
74.2973 -13.30 29.72
31.6629 10.91 20.10
31.2020 13.18 24.86
38.0813 11.77 25.06
38.8802 9.70 20.67
31.6629 10.93 34.86
38.8802 9.70 34.25
38.0813 11.78 29.85
31.2020 13.18 30.06
53.9709 10.82 33.90
52.4653 12.61 29.72
45.5860 11.61 29.75
46.7536 9.67 33.97
53.9709 10.82 20.99
46.7536 9.67 20.92
45.5860 11.61 25.14
52.4653 12.61 25.17
2.7276 19.10 6.00
8.0124 18.99 6.10
8.0124 6.69 2.68
2.7276 6.74 2.57
16.7068 17.54 7.31
16.7068 5.93 4.09
12.7858 6.45 3.11
12.7858 18.55 6.47
16.7068 -18.34 7.31
12.7858 -18.83 6.47
12.7858 -6.74 3.11
16.7068 -6.73 4.09
2.7276 -19.10 6.00
2.7276 -6.74 2.57
8.0124 -6.74 2.68
8.0124 -19.05 6.10
2.7276 -27.53 63.80
7.9296 -27.38 63.73
7.9627 -21.30 64.35
2.7276 -21.35 64.42
15.6476 -25.79 62.98
16.1456 -20.81 63.42
12.5372 -21.08 64.06
12.3715 -26.76 63.48
15.6476 -10.17 62.98
12.3715 -9.20 63.48
12.5372 -14.88 64.06
16.1456 -15.16 63.42
2.7276 -8.43 63.80
2.7276 -14.61 64.42
7.9627 -14.66 64.35
7.9296 -8.58 63.73
2.7276 -28.10 12.86
8.0124 -28.00 12.93
8.0163 -33.03 22.41
2.7276 -33.15 22.38
16.7068 -26.78 13.75
16.7452 -31.41 22.79
12.8050 -32.53 22.54
12.7858 -27.63 13.18
17.2210 -32.51 43.60
12.9776 -34.79 43.35
12.8817 -34.53 33.12
16.8986 -33.03 33.16
2.7276 -35.96 43.12
2.7276 -35.40 32.98
8.0316 -35.23 33.01
8.0508 -35.73 43.16
16.7068 4.35 55.36
16.7068 10.51 53.84
12.7858 13.15 54.49
12.7858 6.97 55.76
16.7068 24.16 47.74
12.7858 26.33 48.48
12.7858 19.98 52.39
16.7068 17.50 51.60
2.7276 27.53 48.89
2.7276 21.35 52.82
8.0124 21.08 52.74
8.0124 27.29 48.80
2.7276 8.43 55.98
8.0124 8.14 55.94
8.0124 14.32 54.78
2.7276 14.61 54.85
19.9912 -26.27 53.30
21.0433 -18.65 55.03
20.7379 -20.40 58.07
19.4901 -26.97 57.52
19.4344 -4.64 56.61
19.2983 -7.23 58.69
20.6612 -13.43 58.48
20.8473 -11.11 56.02
17.6507 -10.17 62.06
18.6176 -15.16 62.29
20.0207 -14.64 60.62
18.7537 -8.93 60.59
17.6507 -25.79 62.06
18.7921 -26.68 60.36
20.0361 -20.90 60.54
18.6176 -20.81 62.29
16.7068 -0.07 56.94
12.7858 2.50 57.13
12.7444 -0.27 58.90
16.6133 -2.78 58.81
2.7276 3.93 57.23
2.7276 1.12 58.95
8.0042 0.84 58.94
8.0124 3.65 57.21
2.7276 -3.93 62.55
7.9296 -4.16 62.50
7.9710 -1.39 60.81
2.7276 -1.12 60.83
15.6476 -6.87 62.06
16.2392 -4.78 60.62
12.5786 -2.43 60.72
12.3715 -5.06 62.33
2.7276 -35.96 51.23
8.0508 -35.69 51.28
8.0233 -35.40 56.83
2.7276 -35.68 56.81
17.2210 -31.86 51.90
16.8051 -31.72 57.10
12.8403 -34.29 56.90
12.9776 -34.60 51.46
15.6476 -29.09 62.06
12.3715 -30.91 62.33
12.5978 -33.25 60.33
16.2775 -30.89 60.27
2.7276 -32.03 62.55
2.7276 -34.56 60.40
7.9748 -34.30 60.38
7.9296 -31.80 62.50
77.6104 -3.19 17.95
72.7938 1.09 16.43
76.6373 7.19 16.43
81.8120 3.84 17.95
62.7228 10.02 17.95
65.8174 14.19 17.95
70.9921 10.84 16.43
67.5394 5.75 16.43
65.8625 26.91 17.95
70.9612 25.92 16.43
71.9698 17.58 16.43
66.7144 19.81 17.95
81.6219 23.85 17.95
82.9581 12.93 17.95
77.7028 15.15 16.43
76.5233 24.84 16.43
62.7228 10.02 36.94
67.5394 5.75 38.46
70.9921 10.84 38.46
65.8174 14.19 36.94
77.6104 -3.19 36.94
81.8120 3.84 36.94
76.6372 7.19 38.46
72.7938 1.09 38.46
81.6219 23.85 36.94
76.5233 24.84 38.46
77.7028 15.15 38.46
82.9581 12.93 36.94
65.8625 26.91 36.94
66.7144 19.81 36.94
71.9697 17.58 38.46
70.9612 25.92 38.46
81.1133 -6.29 33.90
82.8648 -7.85 29.72
87.4571 0.19 29.72
85.5754 1.40 33.90
81.1134 -6.29 20.99
85.5754 1.40 20.99
87.4571 0.19 25.17
82.8648 -7.85 25.17
85.3300 23.14 20.99
87.1840 22.78 25.17
88.6912 10.49 25.17
86.7802 11.30 20.99
85.3300 23.14 33.90
86.7802 11.30 33.90
88.6912 10.49 29.72
87.1840 22.78 29.72
59.2199 13.12 20.99
57.4684 14.68 25.17
60.1722 17.85 25.17
62.0540 16.63 20.99
59.2199 13.12 33.90
62.0540 16.63 33.90
60.1722 17.85 29.72
57.4684 14.68 29.72
62.1545 27.62 33.90
60.3004 27.98 29.72
60.9814 22.24 29.72
62.8924 21.43 33.90
62.1545 27.62 20.99
62.8924 21.43 20.99
60.9814 22.24 25.17
60.3004 27.98 25.17
63.7102 35.51 17.95
60.4976 45.09 17.95
64.7713 46.62 16.43
68.4552 35.80 16.43
51.0191 62.73 17.95
54.4706 66.29 16.43
60.0597 57.18 16.43
56.2566 54.53 17.95
61.6873 73.73 17.95
68.0114 62.71 17.95
64.2084 60.06 16.43
58.2358 70.17 16.43
78.3764 36.41 17.95
73.6315 36.12 16.43
69.4334 48.29 16.43
73.7070 49.82 17.95
78.3764 36.41 36.94
73.7070 49.82 36.94
69.4334 48.29 38.46
73.6315 36.12 38.46
61.6873 73.73 36.94
58.2358 70.17 38.46
64.2084 60.06 38.46
68.0114 62.71 36.94
51.0191 62.73 36.94
56.2566 54.53 36.94
60.0597 57.18 38.46
54.4706 66.29 38.46
63.7102 35.51 36.94
68.4552 35.80 38.46
64.7713 46.62 38.46
60.4976 45.09 36.94
81.8273 36.62 20.99
76.8151 50.93 20.99
78.3691 51.48 25.17
83.5527 36.73 25.17
64.1975 76.32 20.99
65.4526 77.62 25.17
72.1601 65.59 25.17
70.7772 64.63 20.99
64.1975 76.32 33.90
70.7772 64.63 33.90
72.1601 65.59 29.72
65.4526 77.62 29.72
81.8273 36.62 33.90
83.5527 36.73 29.72
78.3691 51.48 29.72
76.8151 50.93 33.90
60.2594 35.30 33.90
57.3896 43.98 33.90
55.8355 43.42 29.72
58.5339 35.19 29.72
48.5089 60.14 33.90
47.2538 58.84 29.72
52.1079 51.65 29.72
53.4908 52.61 33.90
48.5089 60.14 20.99
53.4908 52.61 20.99
52.1079 51.65 25.17
47.2538 58.84 25.17
60.2594 35.30 20.99
58.5339 35.19 25.17
55.8355 43.42 25.17
57.3896 43.98 20.99
55.1324 81.54 17.95
51.7950 77.34 16.43
45.2884 81.58 16.43
48.7564 86.14 17.95
44.8167 68.56 17.95
38.0373 72.06 17.95
41.5052 76.61 16.43
48.1542 72.76 16.43
25.7209 76.70 17.95
29.7672 81.45 16.43
35.1631 79.10 16.43
31.4242 74.38 17.95
38.2276 91.40 17.95
42.9809 88.96 17.95
39.2420 84.24 16.43
34.1813 86.64 16.43
44.8167 68.56 36.94
48.1542 72.76 38.46
41.5052 76.61 38.46
38.0373 72.06 36.94
55.1324 81.54 36.94
48.7564 86.14 36.94
45.2884 81.58 38.46
51.7950 77.34 38.46
38.2276 91.40 36.94
34.1813 86.64 38.46
39.2420 84.24 38.46
42.9809 88.96 36.94
25.7209 76.70 36.94
31.4242 74.38 36.94
35.1631 79.10 38.46
29.7672 81.45 38.46
57.5596 84.59 33.90
58.7732 86.11 29.72
52.5396 91.11 29.72
51.2785 89.45 33.90
57.5596 84.59 20.99
51.2785 89.45 20.99
52.5396 91.11 25.17
58.7732 86.11 25.17
41.1704 94.86 20.99
42.6417 96.59 25.17
47.0597 94.10 25.17
45.7001 92.39 20.99
41.1704 94.86 33.90
45.7001 92.39 33.90
47.0597 94.10 29.72
42.6417 96.59 29.72
42.3895 65.51 20.99
41.1759 63.98 25.17
34.2541 67.09 25.17
35.5152 68.74 20.99
42.3895 65.51 33.90
35.5152 68.74 33.90
34.2541 67.09 29.72
41.1759 63.98 29.72
22.7782 73.24 33.90
21.3068 71.51 29.72
27.3454 69.24 29.72
28.7050 70.95 33.90
22.7782 73.24 20.99
28.7050 70.95 20.99
27.3454 69.24 25.17
21.3068 71.51 25.17
34.9182 94.87 17.95
30.6323 90.11 16.43
28.5963 94.78 16.60
32.9446 99.41 18.10
21.6709 80.17 17.95
19.5049 84.95 18.10
23.8532 89.67 16.60
25.9568 84.92 16.43
19.3968 94.91 19.94
23.0201 99.38 18.86
23.0595 94.79 17.30
18.9408 90.21 18.71
30.7529 106.92 19.94
31.6688 103.72 18.71
27.5501 99.56 17.30
27.1296 103.72 18.86
21.6709 80.17 36.94
25.9568 84.92 38.46
23.8532 89.67 38.29
19.5049 84.95 36.79
34.9182 94.87 36.94
32.9446 99.41 36.79
28.5963 94.78 38.29
30.6323 90.11 38.46
30.7529 106.92 34.95
27.1296 103.72 36.03
27.5501 99.56 37.59
31.6688 103.72 36.18
19.3968 94.91 34.95
18.9408 90.21 36.18
23.0595 94.79 37.59
23.0201 99.38 36.03
38.0352 98.33 33.90
39.5937 100.05 29.72
37.6919 104.56 29.69
36.1085 102.82 33.80
38.0352 98.33 20.99
36.1085 102.82 21.09
37.6919 104.56 25.20
39.5937 100.05 25.17
33.1539 109.46 22.17
34.3128 111.32 25.53
36.1806 108.72 25.35
34.6720 106.91 21.51
33.1539 109.46 32.72
34.6720 106.91 33.38
36.1806 108.72 29.54
34.3128 111.32 29.35
18.5539 76.71 20.99
16.9954 74.98 25.17
14.7576 79.89 25.20
16.3410 81.55 21.09
18.5539 76.71 33.90
16.3410 81.55 33.80
14.7576 79.89 29.69
16.9954 74.98 29.72
16.9957 92.37 32.72
15.8368 91.78 29.35
14.4290 85.63 29.54
15.9377 87.02 33.38
16.9957 92.37 22.17
15.9377 87.02 21.51
14.4290 85.63 25.35
15.8368 91.78 25.53
19.3968 97.46 22.17
18.7998 98.06 25.53
22.8611 103.93 25.39
23.0201 102.52 21.61
19.3968 97.46 32.72
23.0201 102.52 33.28
22.8611 103.93 29.50
18.7998 98.06 29.35
30.7529 109.47 32.72
31.3499 111.33 29.35
27.2885 108.62 29.50
27.1296 106.87 33.28
30.7529 109.47 22.17
27.1296 106.87 21.61
27.2885 108.62 25.39
31.3499 111.33 25.53
-16.7068 25.99 13.75
-16.7068 30.43 22.62
-12.7858 32.00 22.41
-12.7858 27.34 13.18
-16.7068 29.08 41.21
-12.7858 30.97 41.73
-12.7858 33.04 32.49
-16.7068 31.31 32.30
-2.7276 32.03 42.02
-2.7276 34.00 32.59
-8.0124 33.80 32.57
-8.0124 31.82 41.97
-2.7276 28.10 12.86
-8.0124 27.94 12.93
-8.0124 32.70 22.32
-2.7276 32.87 22.30
-19.4344 -17.46 8.80
-21.4581 -16.26 10.86
-21.4159 -6.70 8.20
-19.4344 -6.72 5.82
-28.6724 -13.75 15.15
-28.0809 -6.66 13.18
-23.8863 -6.68 10.80
-24.0975 -14.95 13.10
-26.8441 8.17 15.15
-23.4446 10.62 13.10
-23.6558 2.35 10.80
-27.4356 1.08 13.18
-19.4344 15.76 8.80
-19.4344 5.01 5.82
-21.3698 3.74 8.20
-21.3275 13.30 10.86
-19.4344 20.31 46.42
-21.3275 15.40 44.55
-21.3198 7.10 48.08
-19.4344 13.11 50.20
-26.8441 8.25 40.08
-27.4356 1.20 42.22
-23.6058 2.83 45.15
-23.4446 11.14 42.31
-28.6724 -13.67 40.08
-24.1892 -15.32 42.48
-23.8942 -6.77 45.23
-28.0809 -6.53 42.22
-20.7157 -23.21 48.90
-21.2564 -14.99 51.84
-21.8841 -9.82 48.63
-21.9163 -18.61 45.40
-19.4344 -0.32 54.64
-19.4344 5.82 52.68
-21.1035 -0.98 50.86
-20.8899 -6.99 53.51
-19.9912 -28.75 42.31
-21.7339 -24.58 39.72
-21.6001 -27.25 31.88
-19.6262 -30.51 32.73
-29.1026 -18.86 35.96
-29.3177 -21.47 30.45
-24.3472 -24.07 31.05
-24.3002 -21.19 37.59
-29.1026 -18.90 19.08
-24.2512 -20.97 17.69
-24.3318 -23.99 24.03
-29.3177 -21.48 24.50
-19.4344 -25.28 14.77
-19.4728 -29.45 23.13
-21.5234 -26.81 23.55
-21.4888 -23.22 16.16
-19.4344 23.57 14.77
-21.2968 20.26 16.16
-21.2814 23.80 23.48
-19.4344 27.63 22.98
-26.4139 13.32 19.08
-26.1989 15.90 24.50
-23.2141 19.66 24.02
-23.2909 16.64 17.69
-26.4139 13.36 35.96
-23.2909 16.88 37.44
-23.2141 19.73 30.97
-26.1989 15.91 30.45
-19.4344 25.70 40.28
-19.4344 28.24 31.97
-21.2814 24.08 31.51
-21.2968 21.24 38.97
-36.5025 -12.87 16.64
-47.2689 -12.08 17.48
-45.0718 -6.38 15.89
-35.2350 -6.64 14.91
-69.7803 -7.94 17.95
-65.6398 -3.03 16.43
-55.8029 -5.34 16.32
-59.0140 -10.67 17.85
-56.9822 7.24 17.95
-49.0889 5.80 17.85
-52.3000 0.47 16.32
-61.1228 2.33 16.43
-32.5847 6.38 16.64
-33.8522 0.15 14.91
-42.6751 -0.15 15.89
-40.4780 5.55 17.48
-32.5847 6.42 38.40
-40.4780 5.56 37.46
-42.6751 -0.13 39.09
-33.8522 0.21 40.22
-56.9822 7.24 36.94
-61.1228 2.33 38.46
-52.3000 0.47 38.59
-49.0889 5.80 37.05
-69.7803 -7.94 36.94
-59.0140 -10.67 37.05
-55.8029 -5.34 38.59
-65.6398 -3.03 38.46
-36.5025 -12.83 38.40
-35.2350 -6.58 40.22
-45.0718 -6.36 39.09
-47.2689 -12.07 37.46
-37.4243 -17.38 34.86
-48.8667 -16.22 34.25
-49.6656 -18.30 29.85
-37.8853 -19.66 30.06
-72.7916 -11.52 33.90
-74.2973 -13.30 29.72
-62.5169 -16.49 29.75
-61.3493 -14.55 33.97
-72.7916 -11.52 20.99
-61.3493 -14.55 20.92
-62.5169 -16.49 25.14
-74.2973 -13.30 25.17
-37.4243 -17.40 20.10
-37.8853 -19.66 24.86
-49.6656 -18.30 25.06
-48.8667 -16.23 20.67
-31.6629 10.91 20.10
-38.8802 9.70 20.67
-38.0813 11.77 25.06
-31.2020 13.18 24.86
-53.9709 10.82 20.99
-52.4653 12.61 25.17
-45.5860 11.61 25.14
-46.7536 9.67 20.92
-53.9709 10.82 33.90
-46.7536 9.67 33.97
-45.5860 11.61 29.75
-52.4653 12.61 29.72
-31.6629 10.93 34.86
-31.2020 13.18 30.06
-38.0813 11.78 29.85
-38.8802 9.70 34.25
-2.7276 19.10 6.00
-2.7276 6.74 2.57
-8.0124 6.69 2.68
-8.0124 18.99 6.10
-2.7276 -19.10 6.00
-8.0124 -19.05 6.10
-8.0124 -6.74 2.68
-2.7276 -6.74 2.57
-16.7068 -18.34 7.31
-16.7068 -6.73 4.09
-12.7858 -6.74 3.11
-12.7858 -18.83 6.47
-16.7068 17.54 7.31
-12.7858 18.55 6.47
-12.7858 6.45 3.11
-16.7068 5.93 4.09
-2.7276 -27.53 63.80
-2.7276 -21.35 64.42
-7.9627 -21.30 64.35
-7.9296 -27.38 63.73
-2.7276 -8.43 63.80
-7.9296 -8.58 63.73
-7.9627 -14.66 64.35
-2.7276 -14.61 64.42
-15.6476 -10.17 62.98
-16.1456 -15.16 63.42
-12.5372 -14.88 64.06
-12.3715 -9.20 63.48
-15.6476 -25.79 62.98
-12.3715 -26.76 63.48
-12.5372 -21.08 64.06
-16.1456 -20.81 63.42
-2.7276 -28.10 12.86
-2.7276 -33.15 22.38
-8.0163 -33.03 22.41
-8.0124 -28.00 12.93
-2.7276 -35.96 43.12
-8.0508 -35.73 43.16
-8.0316 -35.23 33.01
-2.7276 -35.40 32.98
-17.2210 -32.51 43.60
-16.8986 -33.03 33.16
-12.8817 -34.53 33.12
-12.9776 -34.79 43.35
-16.7068 -26.78 13.75
-12.7858 -27.63 13.18
-12.8050 -32.53 22.54
-16.7452 -31.41 22.79
-16.7068 4.35 55.36
-12.7858 6.97 55.76
-12.7858 13.15 54.49
-16.7068 10.51 53.84
-2.7276 8.43 55.98
-2.7276 14.61 54.85
-8.0124 14.32 54.78
-8.0124 8.14 55.94
-2.7276 27.53 48.89
-8.0124 27.29 48.80
-8.0124 21.08 52.74
-2.7276 21.35 52.82
-16.7068 24.16 47.74
-16.7068 17.50 51.60
-12.7858 19.98 52.39
-12.7858 26.33 48.48
-19.9912 -26.27 53.30
-19.4901 -26.97 57.52
-20.7379 -20.40 58.07
-21.0433 -18.65 55.03
-17.6507 -25.79 62.06
-18.6176 -20.81 62.29
-20.0361 -20.90 60.54
-18.7921 -26.68 60.36
-17.6507 -10.17 62.06
-18.7537 -8.93 60.59
-20.0207 -14.64 60.62
-18.6176 -15.16 62.29
-19.4344 -4.64 56.61
-20.8473 -11.11 56.02
-20.6612 -13.43 58.48
-19.2983 -7.23 58.69
-16.7068 -0.07 56.94
-16.6133 -2.78 58.81
-12.7444 -0.27 58.90
-12.7858 2.50 57.13
-15.6476 -6.87 62.06
-12.3715 -5.06 62.33
-12.5786 -2.43 60.72
-16.2392 -4.78 60.62
-2.7276 -3.93 62.55
-2.7276 -1.12 60.83
-7.9710 -1.39 60.81
-7.9296 -4.16 62.50
-2.7276 3.93 57.23
-8.0124 3.65 57.21
-8.0042 0.84 58.94
-2.7276 1.12 58.95
-2.7276 -35.96 51.23
-2.7276 -35.68 56.81
-8.0233 -35.40 56.83
-8.0508 -35.69 51.28
-2.7276 -32.03 62.55
-7.9296 -31.80 62.50
-7.9748 -34.30 60.38
-2.7276 -34.56 60.40
-15.6476 -29.09 62.06
-16.2775 -30.89 60.27
-12.5978 -33.25 60.33
-12.3715 -30.91 62.33
-17.2210 -31.86 51.90
-12.9776 -34.60 51.46
-12.8403 -34.29 56.90
-16.8051 -31.72 57.10
-77.6104 -3.19 17.95
-81.8120 3.84 17.95
-76.6372 7.19 16.43
-72.7938 1.09 16.43
-81.6219 23.85 17.95
-76.5233 24.84 16.43
-77.7028 15.15 16.43
-82.9581 12.93 17.95
-65.8625 26.91 17.95
-66.7144 19.81 17.95
-71.9697 17.58 16.43
-70.9612 25.92 16.43
-62.7228 10.02 17.95
-67.5394 5.75 16.43
-70.9921 10.84 16.43
-65.8174 14.19 17.95
-62.7228 10.02 36.94
-65.8174 14.19 36.94
-70.9921 10.84 38.46
-67.5394 5.75 38.46
-65.8625 26.91 36.94
-70.9612 25.92 38.46
-71.9698 17.58 38.46
-66.7144 19.81 36.94
-81.6219 23.85 36.94
-82.9581 12.93 36.94
-77.7028 15.15 38.46
-76.5233 24.84 38.46
-77.6104 -3.19 36.94
-72.7938 1.09 38.46
-76.6373 7.19 38.46
-81.8120 3.84 36.94
-81.1134 -6.29 33.90
-85.5754 1.40 33.90
-87.4571 0.19 29.72
-82.8648 -7.85 29.72
-85.3300 23.14 33.90
-87.1840 22.78 29.72
-88.6912 10.49 29.72
-86.7802 11.30 33.90
-85.3300 23.14 20.99
-86.7802 11.30 20.99
-88.6912 10.49 25.17
-87.1840 22.78 25.17
-81.1133 -6.29 20.99
-82.8648 -7.85 25.17
-87.4571 0.19 25.17
-85.5754 1.40 20.99
-59.2199 13.12 20.99
-62.0540 16.63 20.99
-60.1722 17.85 25.17
-57.4684 14.68 25.17
-62.1545 27.62 20.99
-60.3004 27.98 25.17
-60.9814 22.24 25.17
-62.8924 21.43 20.99
-62.1545 27.62 33.90
-62.8924 21.43 33.90
-60.9814 22.24 29.72
-60.3004 27.98 29.72
-59.2199 13.12 33.90
-57.4684 14.68 29.72
-60.1722 17.85 29.72
-62.0540 16.63 33.90
-63.7102 35.51 17.95
-68.4552 35.80 16.43
-64.7713 46.62 16.43
-60.4976 45.09 17.95
-78.3764 36.41 17.95
-73.7070 49.82 17.95
-69.4334 48.29 16.43
-73.6315 36.12 16.43
-61.6873 73.73 17.95
-58.2358 70.17 16.43
-64.2084 60.06 16.43
-68.0114 62.71 17.95
-51.0191 62.73 17.95
-56.2567 54.53 17.95
-60.0597 57.18 16.43
-54.4706 66.29 16.43
-78.3764 36.41 36.94
-73.6315 36.12 38.46
-69.4334 48.29 38.46
-73.7070 49.82 36.94
-63.7102 35.51 36.94
-60.4976 45.09 36.94
-64.7713 46.62 38.46
-68.4552 35.80 38.46
-51.0191 62.73 36.94
-54.4706 66.29 38.46
-60.0597 57.18 38.46
-56.2566 54.53 36.94
-61.6873 73.73 36.94
-68.0114 62.71 36.94
-64.2084 60.06 38.46
-58.2358 70.17 38.46
-81.8273 36.62 20.99
-83.5527 36.73 25.17
-78.3691 51.48 25.17
-76.8151 50.93 20.99
-81.8273 36.62 33.90
-76.8151 50.93 33.90
-78.3691 51.48 29.72
-83.5527 36.73 29.72
-64.1975 76.32 33.90
-65.4526 77.62 29.72
-72.1601 65.59 29.72
-70.7772 64.63 33.90
-64.1975 76.32 20.99
-70.7772 64.63 20.99
-72.1601 65.59 25.17
-65.4526 77.62 25.17
-60.2594 35.30 33.90
-58.5339 35.19 29.72
-55.8355 43.42 29.72
-57.3896 43.98 33.90
-60.2594 35.30 20.99
-57.3896 43.98 20.99
-55.8355 43.42 25.17
-58.5339 35.19 25.17
-48.5089 60.14 20.99
-47.2538 58.84 25.17
-52.1079 51.65 25.17
-53.4908 52.61 20.99
-48.5089 60.14 33.90
-53.4908 52.61 33.90
-52.1079 51.65 29.72
-47.2538 58.84 29.72
-55.1324 81.54 17.95
-48.7564 86.14 17.95
-45.2884 81.58 16.43
-51.7950 77.34 16.43
-38.2276 91.40 17.95
-34.1813 86.64 16.43
-39.2420 84.24 16.43
-42.9809 88.96 17.95
-25.7209 76.70 17.95
-31.4242 74.38 17.95
-35.1631 79.10 16.43
-29.7672 81.45 16.43
-44.8167 68.56 17.95
-48.1542 72.76 16.43
-41.5052 76.61 16.43
-38.0373 72.06 17.95
-44.8167 68.56 36.94
-38.0373 72.06 36.94
-41.5052 76.61 38.46
-48.1542 72.76 38.46
-25.7209 76.70 36.94
-29.7672 81.45 38.46
-35.1631 79.10 38.46
-31.4242 74.38 36.94
-38.2276 91.40 36.94
-42.9809 88.96 36.94
-39.2420 84.24 38.46
-34.1813 86.64 38.46
-55.1324 81.54 36.94
-51.7950 77.34 38.46
-45.2884 81.58 38.46
-48.7564 86.14 36.94
-57.5596 84.59 33.90
-51.2785 89.45 33.90
-52.5396 91.11 29.72
-58.7732 86.11 29.72
-41.1704 94.86 33.90
-42.6417 96.59 29.72
-47.0597 94.10 29.72
-45.7001 92.39 33.90
-41.1704 94.86 20.99
-45.7001 92.39 20.99
-47.0597 94.10 25.17
-42.6417 96.59 25.17
-57.5596 84.59 20.99
-58.7732 86.11 25.17
-52.5396 91.11 25.17
-51.2785 89.45 20.99
-42.3895 65.51 20.99
-35.5152 68.74 20.99
-34.2541 67.09 25.17
-41.1759 63.98 25.17
-22.7782 73.24 20.99
-21.3068 71.51 25.17
-27.3454 69.24 25.17
-28.7050 70.95 20.99
-22.7782 73.24 33.90
-28.7050 70.95 33.90
-27.3454 69.24 29.72
-21.3068 71.51 29.72
-42.3895 65.51 33.90
-41.1759 63.98 29.72
-34.2541 67.09 29.72
-35.5152 68.74 33.90
-34.9182 94.87 17.95
-32.9446 99.41 18.10
-28.5963 94.78 16.60
-30.6323 90.11 16.43
-30.7529 106.92 19.94
-27.1296 103.72 18.86
-27.5501 99.56 17.30
-31.6688 103.72 18.71
-19.3968 94.91 19.94
-18.9408 90.21 18.71
-23.0595 94.79 17.30
-23.0201 99.38 18.86
-21.6709 80.17 17.95
-25.9568 84.92 16.43
-23.8532 89.67 16.60
-19.5049 84.95 18.10
-21.6709 80.17 36.94
-19.5049 84.95 36.79
-23.8532 89.67 38.29
-25.9568 84.92 38.46
-19.3968 94.91 34.95
-23.0201 99.38 36.03
-23.0595 94.79 37.59
-18.9408 90.21 36.18
-30.7529 106.92 34.95
-31.6688 103.72 36.18
-27.5501 99.56 37.59
-27.1296 103.72 36.03
-34.9182 94.87 36.94
-30.6323 90.11 38.46
-28.5963 94.78 38.29
-32.9446 99.41 36.79
-38.0352 98.33 33.90
-36.1085 102.82 33.80
-37.6919 104.56 29.69
-39.5937 100.05 29.72
-33.1539 109.46 32.72
-34.3128 111.32 29.35
-36.1806 108.72 29.54
-34.6720 106.91 33.38
-33.1539 109.46 22.17
-34.6720 106.91 21.51
-36.1806 108.72 25.35
-34.3128 111.32 25.53
-38.0352 98.33 20.99
-39.5937 100.05 25.17
-37.6919 104.56 25.20
-36.1085 102.82 21.09
-18.5539 76.71 20.99
-16.3410 81.55 21.09
-14.7576 79.89 25.20
-16.9954 74.98 25.17
-16.9957 92.37 22.17
-15.8368 91.78 25.53
-14.4290 85.63 25.35
-15.9377 87.02 21.51
-16.9957 92.37 32.72
-15.9377 87.02 33.38
-14.4290 85.63 29.54
-15.8368 91.78 29.35
-18.5539 76.71 33.90
-16.9954 74.98 29.72
-14.7576 79.89 29.69
-16.3410 81.55 33.80
-19.3968 97.46 22.17
-23.0201 102.52 21.61
-22.8611 103.93 25.39
-18.7998 98.06 25.53
-30.7529 109.47 22.17
-31.3499 111.33 25.53
-27.2885 108.62 25.39
-27.1296 106.87 21.61
-30.7529 109.47 32.72
-27.1296 106.87 33.28
-27.2885 108.62 29.50
-31.3499 111.33 29.35
-19.3968 97.46 32.72
-18.7998 98.06 29.35
-22.8611 103.93 29.50
-23.0201 102.52 33.28
16.7068 22.29 10.13
14.8742 26.78 13.42
16.7068 28.68 17.98
18.2411 24.93 14.20
10.4844 27.72 13.02
12.7858 30.15 17.59
12.7858 23.49 9.41
12.7858 32.94 27.45
14.8742 31.34 22.50
10.4844 32.44 22.36
18.2411 29.20 22.78
16.7068 31.29 27.46
0.0000 28.10 12.86
2.7276 30.98 17.37
5.4127 28.06 12.88
2.7276 24.16 9.01
2.7276 33.85 27.44
5.4127 32.83 22.30
0.0000 32.87 22.30
8.0124 30.81 17.41
8.0124 33.67 27.45
8.0124 24.03 9.09
2.7276 30.06 45.88
5.4127 31.98 42.01
2.7276 33.36 37.52
0.0000 32.03 42.02
10.4844 31.50 41.88
8.0124 33.16 37.48
8.0124 29.84 45.81
5.4127 33.95 32.59
10.4844 33.52 32.54
0.0000 34.00 32.59
18.2411 27.60 40.80
16.7068 30.55 36.95
14.8742 30.18 41.52
16.7068 26.93 44.87
14.8742 32.32 32.41
18.2411 29.97 32.16
12.7858 32.36 37.32
12.7858 28.94 45.52
18.2411 -17.96 7.96
19.4344 -12.33 6.94
20.4518 -16.89 9.78
19.4344 -21.86 11.41
19.4344 -0.85 5.45
20.4412 -6.71 6.96
18.2411 -6.72 4.85
22.5127 -6.69 9.50
21.4379 -11.70 9.20
21.3928 -1.48 7.87
21.4754 -20.17 13.18
22.6184 -15.60 11.98
19.4344 20.15 11.41
20.4191 14.58 9.78
19.4344 10.63 6.94
18.2411 16.76 7.96
22.2919 11.96 11.98
21.3477 8.74 9.20
21.3102 17.21 13.18
20.4297 4.40 6.96
22.3975 3.04 9.50
18.2411 5.53 4.85
29.3556 7.16 15.99
27.1264 4.78 13.92
24.9179 9.34 14.17
26.6022 11.07 16.87
27.7583 -2.79 12.94
25.2876 1.68 12.04
30.2429 0.56 14.16
23.5454 6.67 11.66
23.7711 -2.16 10.51
23.3582 14.01 15.10
28.9144 -16.65 16.87
26.0606 -14.32 14.17
28.3901 -10.36 13.92
32.0981 -13.25 15.99
23.9967 -11.00 11.66
24.1840 -18.33 15.10
25.6909 -6.67 12.04
31.2108 -6.65 14.16
18.2411 22.48 47.16
19.4344 16.83 48.54
20.4191 17.88 45.54
19.4344 23.34 43.71
19.4344 9.37 51.54
20.4172 10.23 49.24
18.2411 15.58 50.99
22.3225 4.40 46.72
21.3352 11.50 46.51
21.2522 2.75 49.46
21.3102 18.68 42.07
22.2919 13.08 43.46
19.4344 -2.75 55.59
20.3097 -3.44 54.13
19.4344 2.57 53.69
18.2411 2.30 55.04
21.1978 -10.86 52.75
20.9554 -4.19 52.22
20.8671 -9.31 54.76
20.3631 2.66 51.86
21.6217 -5.12 49.75
18.2411 8.46 53.33
20.2973 -26.58 46.27
21.2532 -20.84 47.06
21.0882 -19.17 50.62
20.2973 -25.19 50.96
22.8475 -16.71 43.89
21.9594 -14.50 47.25
21.8195 -22.02 42.94
21.4741 -12.50 50.25
22.6397 -7.66 46.96
21.1424 -17.10 53.42
32.0981 -13.20 39.14
28.3901 -10.26 41.41
26.0835 -14.34 41.20
28.9144 -16.59 38.25
27.7583 -2.66 42.50
25.6929 -6.58 43.60
31.2108 -6.56 41.09
24.0796 -11.34 44.11
23.7105 -1.94 45.65
24.2528 -18.63 40.32
26.6022 11.12 38.25
24.9179 9.54 41.16
27.1264 4.89 41.41
29.3556 7.22 39.14
23.5329 7.27 43.97
23.3582 14.37 40.15
25.2751 1.92 43.58
30.2429 0.64 41.09
18.8696 -30.78 43.34
19.7750 -29.97 37.61
20.8560 -26.61 40.96
19.5303 -30.34 27.85
20.6119 -28.92 32.33
18.4521 -31.91 33.03
22.7815 -25.60 31.43
21.6604 -26.32 35.97
21.5541 -27.41 27.67
22.8177 -22.74 38.60
20.4595 -24.30 15.43
19.4440 -27.79 18.72
18.2411 -26.13 14.20
22.6952 -22.09 16.93
21.5032 -25.42 19.67
20.4930 -28.18 23.34
22.7432 -25.39 23.79
18.2833 -30.55 22.95
32.7434 -18.06 19.65
29.2371 -20.51 21.67
26.3294 -19.89 18.42
29.3446 -21.80 27.47
26.4648 -22.67 24.28
33.0660 -20.46 24.70
24.3001 -22.85 20.71
24.3472 -24.40 27.52
26.3417 -19.91 36.71
29.2371 -20.49 33.32
32.7434 -18.03 35.34
24.3316 -23.00 34.45
26.4687 -22.68 30.72
33.0660 -20.45 30.23
19.4344 26.05 18.69
20.4115 21.99 15.43
19.4344 28.35 27.47
20.4076 25.80 23.22
22.1767 21.73 23.75
21.2872 22.45 19.65
21.2795 24.34 27.49
22.2151 18.45 16.93
20.4115 23.53 39.66
19.4344 27.35 36.30
22.2151 18.97 38.22
21.2872 23.04 35.39
20.4076 26.24 31.76
22.1767 21.88 31.25
28.7104 11.99 35.34
26.2795 14.96 33.32
24.6490 15.00 36.68
26.1720 16.23 27.47
24.5146 17.72 30.70
28.3877 14.38 30.23
23.2429 18.67 34.34
23.2045 20.07 27.49
24.6490 14.91 18.42
26.2795 14.93 21.67
28.7104 11.97 19.65
23.2429 18.52 20.70
24.5146 17.70 24.27
28.3877 14.37 24.70
35.8976 -9.90 15.56
41.6410 -12.51 17.13
37.0210 -15.42 18.15
34.5436 -3.24 14.70
39.9298 -6.57 15.48
50.4374 -5.99 16.16
46.2203 -9.36 16.49
43.8735 -3.27 15.69
48.1676 -14.41 18.88
53.1414 -11.50 17.71
32.0662 8.93 18.15
36.3520 5.84 17.13
33.1897 3.41 15.56
44.7835 5.53 17.71
41.5266 2.83 16.49
39.5793 7.88 18.88
38.0631 -0.10 15.48
47.4875 0.02 16.16
60.2113 8.46 17.95
58.9584 4.90 17.00
53.2150 6.36 17.92
55.2884 9.26 19.28
63.3813 -0.35 16.24
56.9119 1.23 16.40
64.7321 3.82 16.43
50.6215 3.25 16.90
54.0514 -2.44 16.13
47.7753 7.98 19.20
71.4742 -9.95 19.28
64.6418 -9.52 17.92
67.8042 -5.60 17.00
74.1847 -5.86 17.95
57.4814 -8.13 16.90
60.3276 -12.85 19.20
60.9449 -4.38 16.40
69.6639 -1.23 16.43
33.1897 3.46 39.53
36.3520 5.86 37.86
32.0662 8.96 36.85
34.5436 -3.18 40.45
38.0631 -0.06 39.56
47.4875 0.03 38.77
41.5266 2.84 38.48
43.8735 -3.24 39.29
39.5793 7.89 36.05
44.7835 5.54 37.20
37.0210 -15.39 36.85
41.6410 -12.49 37.86
35.8976 -9.85 39.53
53.1414 -11.49 37.20
46.2203 -9.34 38.48
48.1676 -14.41 36.05
39.9298 -6.54 39.56
50.4374 -5.98 38.77
74.1847 -5.86 36.94
67.8041 -5.60 37.89
64.6418 -9.52 36.97
71.4742 -9.95 35.61
63.3813 -0.35 38.65
60.9449 -4.38 38.49
69.6639 -1.23 38.46
57.4814 -8.13 38.01
54.0514 -2.43 38.78
60.3276 -12.85 35.70
55.2884 9.26 35.61
53.2150 6.36 36.97
58.9584 4.90 37.89
60.2113 8.46 36.94
50.6215 3.26 38.01
47.7753 7.98 35.70
56.9119 1.23 38.49
64.7321 3.82 38.46
37.7124 -18.81 32.57
42.8855 -16.82 34.50
37.9429 -19.95 27.46
43.5077 -18.98 29.94
56.0913 -17.51 29.78
49.3660 -17.52 32.14
49.7655 -18.56 27.45
55.1080 -15.50 34.07
42.8855 -16.83 20.43
37.7124 -18.82 22.37
55.1080 -15.51 20.83
49.3660 -17.53 22.76
43.5077 -18.98 24.97
56.0913 -17.51 25.11
77.4726 -9.23 20.99
73.7327 -12.63 22.98
67.3305 -13.25 20.97
74.4855 -13.53 27.44
68.6749 -15.12 25.16
79.1165 -10.92 25.17
62.0791 -15.76 22.94
62.6629 -16.73 27.45
67.3305 -13.25 33.92
73.7327 -12.63 31.91
77.4726 -9.23 33.90
62.0791 -15.76 31.96
68.6749 -15.12 29.73
79.1165 -10.92 29.72
31.3748 12.33 22.37
35.1075 10.16 20.43
31.1444 13.46 27.46
34.4853 12.32 24.97
41.8336 11.54 25.11
38.3809 11.00 22.76
37.9814 12.03 27.45
42.8169 9.54 20.83
35.1075 10.17 34.50
31.3748 12.34 32.57
42.8169 9.54 34.07
38.3809 11.00 32.14
34.4853 12.32 29.94
41.8336 11.54 29.78
56.9235 11.83 33.90
53.0299 11.94 31.91
50.5263 10.10 33.92
52.2771 12.83 27.44
49.1820 11.97 29.73
55.2795 13.51 29.72
46.0238 10.88 31.96
45.4400 11.85 27.45
50.5263 10.10 20.97
53.0299 11.94 22.98
56.9235 11.83 20.99
46.0238 10.88 22.94
49.1820 11.97 25.16
55.2795 13.51 25.17
5.4127 19.08 6.03
2.7276 13.20 3.86
0.0000 19.10 6.00
10.4844 18.83 6.24
8.0124 13.12 3.96
8.0124 -0.03 2.25
5.4127 6.73 2.60
10.4844 6.60 2.84
0.0000 6.74 2.57
2.7276 0.00 2.14
16.7068 12.00 5.30
14.8742 18.13 6.82
16.7068 -0.40 3.69
14.8742 6.24 3.52
12.7858 12.78 4.37
12.7858 -0.14 2.69
16.7068 -23.09 10.13
14.8742 -18.63 6.82
16.7068 -12.80 5.30
10.4844 -18.97 6.24
12.7858 -13.06 4.37
12.7858 -23.78 9.41
14.8742 -6.74 3.52
10.4844 -6.74 2.84
0.0000 -19.10 6.00
2.7276 -13.20 3.86
5.4127 -19.09 6.03
2.7276 -24.16 9.01
5.4127 -6.74 2.60
0.0000 -6.74 2.57
8.0124 -13.18 3.96
8.0124 -24.09 9.09
2.7276 -30.06 63.25
5.3919 -27.49 63.78
2.7276 -24.58 64.19
0.0000 -27.53 63.80
10.2772 -27.15 63.64
7.9461 -24.48 64.12
7.9213 -29.87 63.19
7.9710 -17.98 64.43
5.4002 -21.34 64.40
10.3601 -21.22 64.24
0.0000 -21.35 64.42
2.7276 -17.98 64.50
16.8027 -25.53 62.59
15.9276 -23.46 63.25
14.1743 -26.29 63.26
15.4921 -27.69 62.59
16.2392 -17.98 63.48
14.4728 -20.93 63.80
17.5343 -20.75 62.93
12.4543 -24.05 63.85
12.5786 -17.98 64.14
12.3300 -29.09 62.98
15.4921 -8.27 62.59
14.1743 -9.67 63.26
15.9276 -12.50 63.25
16.8027 -10.43 62.59
10.2772 -8.81 63.64
12.4543 -11.91 63.85
12.3300 -6.87 62.98
14.4728 -15.03 63.80
10.3601 -14.75 64.24
17.5343 -15.21 62.93
0.0000 -8.43 63.80
2.7276 -11.38 64.19
5.3919 -8.47 63.78
2.7276 -5.90 63.25
5.4002 -14.62 64.40
0.0000 -14.61 64.42
7.9461 -11.49 64.12
7.9213 -6.09 63.19
5.4127 -28.07 12.88
2.7276 -31.05 17.39
0.0000 -28.10 12.86
10.4844 -27.86 13.02
8.0134 -30.94 17.43
8.0220 -34.41 27.67
5.4136 -33.12 22.39
10.4940 -32.84 22.46
0.0000 -33.15 22.38
2.7276 -34.56 27.64
16.7164 -29.52 18.03
14.8742 -27.27 13.42
16.8027 -32.54 27.89
14.9039 -32.06 22.65
12.7906 -30.50 17.62
12.8338 -33.83 27.77
17.3246 -32.01 48.22
15.2041 -33.87 43.48
17.0367 -32.98 38.45
10.5803 -35.38 43.23
12.9344 -34.80 38.39
12.9968 -34.67 47.77
15.0228 -33.89 33.17
10.5323 -34.97 33.05
0.0000 -35.96 43.12
2.7276 -35.82 38.21
5.4222 -35.90 43.13
2.7276 -35.96 47.52
5.4175 -35.36 32.99
0.0000 -35.40 32.98
8.0422 -35.62 38.24
8.0546 -35.70 47.57
16.7068 7.27 54.64
14.8742 5.88 55.59
16.7068 1.86 56.09
16.7068 13.96 52.86
14.8742 12.05 54.22
10.4844 13.88 54.67
12.7858 9.91 55.17
12.7858 16.55 53.60
12.7858 4.46 56.37
10.4844 7.70 55.87
14.8742 25.43 48.17
16.7068 20.97 49.94
10.4844 26.93 48.68
12.7858 23.29 50.72
14.8742 18.95 52.06
10.4844 20.67 52.61
0.0000 27.53 48.89
2.7276 24.58 51.16
5.4127 27.47 48.87
2.7276 17.98 54.01
5.4127 21.28 52.80
0.0000 21.35 52.82
8.0124 24.33 51.07
8.0124 17.69 53.93
2.7276 5.90 56.53
5.4127 8.36 55.97
2.7276 11.38 55.47
0.0000 8.43 55.98
8.0124 11.08 55.41
8.0124 5.61 56.50
5.4127 14.54 54.83
0.0000 14.61 54.85
20.6833 -22.52 54.28
19.7410 -26.75 55.60
18.8696 -29.50 52.40
21.0913 -14.79 55.59
20.9211 -19.72 56.59
20.4555 -20.77 59.40
20.2866 -23.83 57.79
20.8580 -16.88 58.31
18.3343 -29.66 57.28
19.1900 -26.94 59.10
18.2411 -2.07 56.79
19.4004 -6.10 57.65
20.2991 -7.69 56.36
19.0941 -8.14 59.68
20.1427 -10.17 58.60
18.1233 -4.73 58.75
20.7916 -12.45 57.28
20.4172 -14.13 59.61
18.2397 -12.50 62.19
18.2737 -9.61 61.39
16.8027 -8.27 61.99
18.7537 -17.98 62.33
19.4336 -14.97 61.52
19.5434 -11.65 60.61
20.1851 -17.76 60.61
17.6521 -6.60 60.59
16.8027 -27.69 61.99
18.2833 -26.27 61.33
18.2397 -23.46 62.19
19.5722 -23.92 60.45
17.6943 -29.05 60.29
19.4375 -20.88 61.50
14.8742 1.43 57.05
16.6834 -1.57 57.86
10.4844 3.22 57.18
12.7755 0.97 57.98
12.6822 -1.36 59.82
14.8073 -1.32 58.86
10.4636 0.43 58.92
16.4730 -3.80 59.74
0.0000 3.93 57.23
2.7276 2.39 58.05
5.4127 3.86 57.23
2.7276 0.00 59.89
5.4106 1.05 58.95
0.0000 1.12 58.95
8.0104 2.11 58.04
7.9917 -0.27 59.88
5.3919 -3.99 62.54
2.7276 -2.39 61.73
0.0000 -3.93 62.55
10.2772 -4.49 62.44
7.9482 -2.63 61.69
5.4023 -1.19 60.82
10.3808 -1.78 60.78
0.0000 -1.12 60.83
15.9510 -5.78 61.40
14.1743 -5.85 62.20
14.5397 -3.41 60.67
12.4647 -3.62 61.57
5.4222 -35.89 51.24
2.7276 -35.89 54.30
0.0000 -35.96 51.23
10.5803 -35.28 51.34
8.0401 -35.61 54.34
8.0013 -34.99 58.82
5.4154 -35.61 56.81
10.5116 -34.99 56.86
0.0000 -35.68 56.81
2.7276 -35.26 58.82
17.0133 -31.84 54.81
15.2041 -33.51 51.64
16.5689 -31.42 58.89
14.9559 -33.23 56.98
12.9241 -34.50 54.47
12.7302 -33.90 58.83
14.1743 -30.12 62.20
15.9606 -30.11 61.31
10.2772 -31.47 62.44
12.4695 -32.27 61.47
14.5694 -32.27 60.29
10.3904 -33.90 60.36
0.0000 -32.03 62.55
2.7276 -33.50 61.62
5.3919 -31.97 62.54
5.4033 -34.49 60.39
0.0000 -34.56 60.40
7.9492 -33.26 61.59
75.3116 -1.15 17.00
80.1289 0.06 17.95
79.5808 -4.93 19.28
70.1666 3.42 16.24
75.0961 3.90 16.43
77.4840 10.95 16.43
79.3422 5.44 17.00
73.8147 9.02 16.24
83.9289 2.47 19.28
82.7311 8.14 17.95
60.7524 11.77 19.28
64.5728 11.93 17.95
65.0216 7.98 17.00
66.5126 16.82 17.95
68.2871 12.60 17.00
63.7005 15.57 19.28
69.6057 8.09 16.43
71.7598 14.01 16.43
64.9209 31.02 17.95
68.2960 26.43 17.00
66.4791 23.17 17.95
63.7768 27.31 19.28
73.7422 25.38 16.24
71.6832 21.55 16.43
69.8648 30.67 16.43
69.2227 18.75 17.00
74.8363 16.37 16.24
64.5646 20.72 19.28
83.7077 23.45 19.28
82.5645 18.17 17.95
79.1885 24.33 17.00
80.2020 29.94 17.95
80.4499 13.99 17.00
85.1080 12.01 19.28
77.3604 19.79 16.43
75.2581 30.29 16.43
65.0216 7.98 37.89
64.5728 11.93 36.94
60.7524 11.77 35.61
70.1666 3.42 38.65
69.6057 8.09 38.46
71.7598 14.01 38.46
68.2871 12.60 37.89
73.8147 9.02 38.65
63.7005 15.57 35.61
66.5126 16.82 36.94
79.5808 -4.93 35.61
80.1289 0.06 36.94
75.3116 -1.15 37.89
82.7311 8.14 36.94
79.3422 5.44 37.89
83.9289 2.47 35.61
75.0961 3.90 38.46
77.4840 10.95 38.46
80.2020 29.94 36.94
79.1885 24.33 37.89
82.5645 18.17 36.94
83.7077 23.45 35.61
73.7422 25.38 38.65
77.3604 19.79 38.46
75.2581 30.29 38.46
80.4499 13.99 37.89
74.8363 16.37 38.65
85.1080 12.01 35.61
63.7768 27.31 35.61
66.4791 23.17 36.94
68.2960 26.43 37.89
64.9209 31.02 36.94
69.2227 18.75 37.89
64.5646 20.72 35.61
71.6832 21.55 38.46
69.8648 30.67 38.46
82.2080 -7.27 31.91
83.7892 -2.74 33.90
83.0838 -8.04 27.44
85.6193 -4.13 29.72
88.4554 5.07 29.72
86.7515 0.64 31.91
87.6923 0.03 27.44
86.5473 6.10 33.90
83.7892 -2.74 20.99
82.2080 -7.27 22.98
86.5473 6.10 20.99
86.7515 0.64 22.98
85.6193 -4.13 25.17
88.4554 5.07 25.17
83.7975 29.69 20.99
86.4888 22.91 22.98
86.3493 17.00 20.99
87.4158 22.73 27.44
88.2417 16.41 25.17
85.5953 29.56 25.17
87.9745 10.80 22.98
88.9301 10.39 27.44
86.3493 17.00 33.90
86.4888 22.91 31.91
83.7975 29.69 33.90
87.9745 10.80 31.91
88.2417 16.41 29.72
85.5953 29.56 29.72
58.1252 14.10 22.98
60.9126 14.72 20.99
57.2495 14.87 27.44
59.0824 16.12 25.17
60.7884 19.89 25.17
60.8779 17.39 22.98
59.9370 18.00 27.44
62.6964 18.86 20.99
60.9126 14.72 33.90
58.1252 14.10 31.91
62.6964 18.86 33.90
60.8779 17.39 31.91
59.0824 16.12 29.72
60.7884 19.89 29.72
61.3254 31.27 33.90
60.9957 27.85 31.91
62.6943 24.35 33.90
60.0687 28.03 27.44
60.8019 24.94 29.72
59.5276 31.40 29.72
61.6980 21.94 31.91
60.7425 22.34 27.44
62.6943 24.35 20.99
60.9957 27.85 22.98
61.3254 31.27 20.99
61.6980 21.94 22.98
60.8019 24.94 25.17
59.5276 31.40 25.17
61.7691 35.39 19.28
62.2345 40.25 17.95
65.9749 35.65 17.00
58.5037 49.90 17.95
62.5373 45.82 17.00
58.7493 44.47 19.28
67.1023 47.45 16.24
66.7511 41.17 16.43
62.5345 52.01 16.43
71.0433 35.96 16.24
48.0365 66.01 17.95
52.6664 64.43 17.00
53.7604 58.86 17.95
49.6071 61.27 19.28
56.3532 68.23 16.24
57.3654 61.99 16.43
51.3939 69.93 16.43
58.0717 55.80 17.00
62.1340 58.62 16.24
54.7009 53.45 19.28
63.0993 75.19 19.28
64.9031 68.54 17.95
60.0400 72.03 17.00
58.4138 78.12 17.95
70.9626 56.41 17.95
66.1963 61.45 17.00
69.5672 63.79 19.28
61.2981 65.41 16.43
66.9318 54.30 16.43
55.0565 74.20 16.43
76.1118 36.27 17.00
76.1948 43.09 17.95
80.3175 36.53 19.28
71.6782 42.17 16.43
71.6673 49.09 17.00
75.4553 50.44 19.28
80.3175 36.53 35.61
76.1948 43.09 36.94
76.1118 36.27 37.89
70.9626 56.41 36.94
71.6673 49.09 37.89
75.4553 50.44 35.61
67.1023 47.45 38.65
71.6782 42.17 38.46
66.9318 54.30 38.46
71.0433 35.96 38.65
58.4138 78.12 36.94
60.0400 72.03 37.89
64.9031 68.54 36.94
63.0993 75.19 35.61
56.3532 68.23 38.65
61.2981 65.41 38.46
55.0565 74.20 38.46
66.1963 61.45 37.89
62.1340 58.62 38.65
69.5672 63.79 35.61
49.6071 61.27 35.61
53.7604 58.86 36.94
52.6664 64.43 37.89
48.0365 66.01 36.94
58.5037 49.90 36.94
58.0717 55.80 37.89
54.7009 53.45 35.61
57.3654 61.99 38.46
62.5345 52.01 38.46
51.3939 69.93 38.46
65.9749 35.65 37.89
62.2345 40.25 36.94
61.7691 35.39 35.61
66.7511 41.17 38.46
62.5373 45.82 37.89
58.7493 44.47 35.61
79.4796 43.76 20.99
82.9057 36.69 22.98
73.8941 57.94 20.99
77.7864 51.27 22.98
78.5634 51.55 27.44
81.1220 44.10 25.17
75.3599 58.71 25.17
83.7684 36.74 27.44
60.8556 80.97 20.99
64.9819 77.13 22.98
67.5248 70.82 20.99
65.6095 77.78 27.44
68.8357 71.96 25.17
62.0764 82.40 25.17
71.6415 65.23 22.98
72.3330 65.71 27.44
67.5249 70.82 33.90
64.9819 77.13 31.91
60.8556 80.97 33.90
73.8941 57.94 33.90
71.6415 65.23 31.91
68.8357 71.96 29.72
75.3599 58.71 29.72
62.0764 82.40 29.72
82.9057 36.69 31.91
79.4796 43.76 33.90
81.1220 44.10 29.72
77.7864 51.27 31.91
58.9497 39.58 33.90
59.1810 35.23 31.91
55.5722 48.37 33.90
56.4183 43.63 31.91
55.6413 43.35 27.44
57.3073 39.24 29.72
54.1064 47.60 29.72
58.3182 35.18 27.44
45.5948 63.16 33.90
47.7245 59.33 31.91
51.1387 56.58 33.90
47.0969 58.68 27.44
49.8278 55.44 29.72
44.3739 61.73 29.72
52.6265 52.01 31.91
51.9350 51.53 27.44
51.1387 56.58 20.99
47.7245 59.33 22.98
45.5948 63.16 20.99
55.5722 48.37 20.99
52.6265 52.01 22.98
49.8278 55.44 25.17
54.1064 47.60 25.17
44.3739 61.73 25.17
59.1810 35.23 22.98
58.9497 39.58 20.99
57.3073 39.24 25.17
56.4183 43.63 22.98
53.5395 79.53 17.00
51.8957 84.15 17.95
56.4977 83.25 19.28
49.9746 75.05 16.24
48.5171 79.74 16.43
42.1748 83.03 16.43
47.1012 83.97 17.00
43.3968 79.10 16.24
50.1751 88.00 19.28
45.7672 87.69 17.95
43.4514 66.84 19.28
41.4527 70.53 17.95
46.4096 70.56 17.00
34.6635 73.29 17.95
39.6925 74.23 17.00
36.6186 70.19 19.28
44.8313 74.94 16.43
38.2559 77.95 16.43
23.4428 78.22 17.95
27.6521 78.97 17.00
28.4124 75.47 17.95
24.0656 74.75 19.28
31.9743 84.05 16.24
32.3069 80.22 16.43
27.6239 82.97 16.43
33.2087 76.63 17.00
37.2026 81.67 16.24
29.8947 72.45 19.28
39.8829 93.34 19.28
40.4501 90.14 17.95
36.2964 89.13 17.00
36.3661 92.92 17.95
41.1964 86.71 17.00
44.5105 90.89 19.28
36.5556 85.39 16.43
32.1850 88.16 16.43
46.4096 70.56 37.89
41.4527 70.53 36.94
43.4514 66.84 35.61
49.9746 75.05 38.65
44.8313 74.94 38.46
38.2559 77.95 38.46
39.6925 74.23 37.89
43.3968 79.10 38.65
36.6186 70.19 35.61
34.6635 73.29 36.94
56.4977 83.25 35.61
51.8957 84.15 36.94
53.5395 79.53 37.89
45.7672 87.69 36.94
47.1012 83.97 37.89
50.1751 88.00 35.61
48.5171 79.74 38.46
42.1748 83.03 38.46
36.3661 92.92 36.94
36.2964 89.13 37.89
40.4501 90.14 36.94
39.8829 93.34 35.61
31.9743 84.05 38.65
36.5556 85.39 38.46
32.1850 88.16 38.46
41.1964 86.71 37.89
37.2026 81.67 38.65
44.5105 90.89 35.61
24.0656 74.75 35.61
28.4124 75.47 36.94
27.6521 78.97 37.89
23.4428 78.22 36.94
33.2087 76.63 37.89
29.8947 72.45 35.61
32.3069 80.22 38.46
27.6239 82.97 38.46
58.3181 85.54 31.91
54.3528 87.35 33.90
58.9249 86.31 27.44
55.5814 88.96 29.72
49.6862 92.76 29.72
52.0667 90.49 31.91
52.6972 91.32 27.44
48.3799 91.07 33.90
54.3528 87.35 20.99
58.3181 85.54 22.98
48.3799 91.07 20.99
52.0667 90.49 22.98
55.5814 88.96 25.17
49.6862 92.76 25.17
39.4069 96.37 20.99
42.0900 95.94 22.98
43.2825 93.59 20.99
42.8257 96.80 27.44
44.6987 95.31 25.17
40.9272 98.10 25.17
46.5499 93.46 22.98
47.2297 94.32 27.44
43.2825 93.59 33.90
42.0900 95.94 31.91
39.4069 96.37 33.90
46.5499 93.46 31.91
44.6987 95.31 29.72
40.9272 98.10 29.72
41.6310 64.55 22.98
38.9955 67.32 20.99
41.0242 63.79 27.44
37.7669 65.72 25.17
30.7445 68.22 25.17
34.7270 67.71 22.98
34.0965 66.88 27.44
32.0509 69.91 20.99
38.9955 67.32 33.90
41.6310 64.55 31.91
32.0509 69.91 33.90
34.7270 67.71 31.91
37.7669 65.72 29.72
30.7445 68.22 29.72
20.4020 74.76 33.90
21.8586 72.16 31.91
25.5800 72.02 33.90
21.1229 71.30 27.44
24.1638 70.29 29.72
18.8817 73.03 29.72
27.8552 69.88 31.91
27.1754 69.02 27.44
25.5800 72.02 20.99
21.8586 72.16 22.98
20.4020 74.76 20.99
27.8552 69.88 22.98
24.1638 70.29 25.17
18.8817 73.03 25.17
32.8727 92.60 17.00
33.8043 97.09 17.99
36.6715 96.81 19.28
28.2946 87.52 16.24
29.4579 92.36 16.47
27.9821 97.22 16.86
30.8691 97.20 17.16
26.2247 92.24 16.42
34.7239 101.32 19.41
32.2593 101.68 18.33
19.9176 78.22 19.28
20.3701 82.45 17.99
23.7165 82.44 17.00
19.0403 87.57 18.33
21.5804 87.21 17.16
17.7256 83.03 19.41
24.7165 87.20 16.47
23.3174 92.24 16.86
19.5831 96.58 20.88
21.0868 97.05 19.28
19.0964 92.71 19.24
18.0122 93.25 20.88
25.0748 101.67 18.71
22.9902 97.21 17.95
23.0598 101.18 20.07
20.9072 92.40 17.83
25.3048 97.23 17.12
17.2533 88.36 19.93
32.1374 108.19 20.88
31.1683 105.49 19.24
29.0628 105.49 19.28
30.5665 108.19 20.88
29.7024 101.74 17.83
33.3563 105.46 19.93
27.2745 101.74 17.95
27.0899 105.45 20.07
23.7165 82.44 37.89
20.3701 82.45 36.90
19.9176 78.22 35.61
28.2946 87.52 38.65
24.7165 87.20 38.42
23.3174 92.24 38.03
21.5804 87.21 37.73
26.2247 92.24 38.47
17.7256 83.03 35.48
19.0403 87.57 36.56
36.6715 96.81 35.61
33.8043 97.09 36.90
32.8727 92.60 37.89
32.2593 101.68 36.56
30.8691 97.20 37.73
34.7239 101.32 35.48
29.4579 92.36 38.42
27.9821 97.22 38.03
30.5665 108.19 34.01
29.0628 105.49 35.61
31.1683 105.49 35.65
32.1374 108.19 34.01
25.0748 101.67 36.18
27.2745 101.74 36.94
27.0899 105.45 34.82
29.7024 101.74 37.06
25.3048 97.23 37.77
33.3563 105.46 34.96
18.0122 93.25 34.01
19.0964 92.71 35.65
21.0868 97.05 35.61
19.5831 96.58 34.01
20.9072 92.40 37.06
17.2533 88.36 34.96
22.9902 97.21 36.94
23.0598 101.18 34.82
39.0093 99.41 31.91
36.9657 100.53 33.88
39.7885 100.27 27.44
38.5468 102.27 29.71
36.9347 106.77 29.63
37.0980 103.90 31.84
37.8900 104.79 27.44
35.3739 105.00 33.64
36.9657 100.53 21.01
39.0093 99.41 22.98
35.3739 105.00 21.25
37.0980 103.90 23.05
38.5468 102.27 25.17
36.9347 106.77 25.26
32.1374 109.86 22.34
33.8599 110.56 23.74
33.9497 108.43 21.83
34.4760 111.61 27.44
35.3375 110.28 25.45
33.0144 111.71 25.57
35.6140 108.02 23.34
36.3701 108.98 27.44
33.9497 108.43 33.06
33.8599 110.56 31.15
32.1374 109.86 32.55
35.6140 108.02 31.55
35.3375 110.28 29.44
33.0144 111.71 29.32
17.5799 75.63 22.98
17.2086 79.00 21.01
16.8006 74.77 27.44
15.6276 77.29 25.17
14.3649 82.69 25.26
15.3515 80.50 23.05
14.5595 79.68 27.44
15.9257 84.25 21.25
17.2086 79.00 33.88
17.5799 75.63 31.91
15.9257 84.25 33.64
15.3515 80.50 31.84
15.6276 77.29 29.71
14.3649 82.69 29.63
18.0122 94.91 32.55
16.2898 91.98 31.15
16.3150 89.76 33.06
15.6737 91.72 27.44
14.9272 88.67 29.44
17.1353 94.92 29.32
14.9956 86.13 31.55
14.2395 85.48 27.44
16.3150 89.76 21.83
16.2898 91.98 23.74
18.0122 94.91 22.34
14.9956 86.13 23.34
14.9272 88.67 25.45
17.1353 94.92 25.57
19.0612 97.85 23.74
21.0868 99.99 21.86
18.6877 98.11 27.44
20.7389 101.09 25.46
25.0748 106.47 25.35
22.9406 103.42 23.41
22.8214 104.09 27.44
25.0748 104.87 21.51
21.0868 99.99 33.03
19.0612 97.85 31.15
25.0748 104.87 33.38
22.9406 103.42 31.47
20.7389 101.09 29.43
25.0748 106.47 29.54
31.0885 110.57 31.15
29.0628 108.43 33.03
31.4620 111.62 27.44
29.4107 110.27 29.43
27.2091 107.94 31.47
27.3283 108.86 27.44
29.0628 108.43 21.86
31.0885 110.57 23.74
27.2091 107.94 23.41
29.4107 110.27 25.46
-18.2411 24.93 14.20
-16.7068 28.68 17.98
-14.8742 26.78 13.42
-16.7068 22.29 10.13
-16.7068 31.29 27.46
-14.8742 31.34 22.50
-18.2411 29.20 22.78
-10.4844 32.44 22.36
-12.7858 30.15 17.59
-12.7858 32.94 27.45
-12.7858 23.49 9.41
-10.4844 27.72 13.02
-16.7068 26.93 44.87
-14.8742 30.18 41.52
-16.7068 30.55 36.95
-18.2411 27.60 40.80
-10.4844 31.50 41.88
-12.7858 32.36 37.32
-12.7858 28.94 45.52
-14.8742 32.32 32.41
-10.4844 33.52 32.54
-18.2411 29.97 32.16
-2.7276 33.36 37.52
-5.4127 31.98 42.01
-2.7276 30.06 45.88
-2.7276 33.85 27.44
-5.4127 33.95 32.59
-8.0124 33.16 37.48
-8.0124 33.67 27.45
-8.0124 29.84 45.81
-2.7276 24.16 9.01
-5.4127 28.06 12.88
-2.7276 30.98 17.37
-8.0124 30.81 17.41
-8.0124 24.03 9.09
-5.4127 32.83 22.30
-19.4344 -21.86 11.41
-20.4518 -16.89 9.78
-19.4344 -12.33 6.94
-18.2411 -17.96 7.96
-22.6184 -15.60 11.98
-21.4379 -11.70 9.20
-21.4754 -20.17 13.18
-21.3928 -1.48 7.87
-20.4412 -6.71 6.96
-22.5127 -6.69 9.50
-18.2411 -6.72 4.85
-19.4344 -0.85 5.45
-32.0981 -13.25 15.99
-28.3901 -10.36 13.92
-26.0606 -14.32 14.17
-28.9144 -16.65 16.87
-27.7583 -2.79 12.94
-25.6909 -6.67 12.04
-31.2108 -6.65 14.16
-23.9967 -11.00 11.66
-23.7711 -2.16 10.51
-24.1840 -18.33 15.10
-26.6022 11.07 16.87
-24.9179 9.34 14.17
-27.1264 4.78 13.92
-29.3556 7.16 15.99
-22.2919 11.96 11.98
-23.5454 6.67 11.66
-23.3582 14.01 15.10
-25.2876 1.68 12.04
-22.3975 3.04 9.50
-30.2429 0.56 14.16
-18.2411 16.76 7.96
-19.4344 10.63 6.94
-20.4191 14.58 9.78
-19.4344 20.15 11.41
-20.4297 4.40 6.96
-18.2411 5.53 4.85
-21.3477 8.74 9.20
-21.3102 17.21 13.18
-19.4344 23.34 43.71
-20.4191 17.88 45.54
-19.4344 16.83 48.54
-18.2411 22.48 47.16
-22.2919 13.08 43.46
-21.3352 11.50 46.51
-21.3102 18.68 42.07
-21.2522 2.75 49.46
-20.4172 10.23 49.24
-22.3225 4.40 46.72
-18.2411 15.58 50.99
-19.4344 9.37 51.54
-29.3556 7.22 39.14
-27.1264 4.89 41.41
-24.9179 9.54 41.16
-26.6022 11.12 38.25
-27.7583 -2.66 42.50
-25.2751 1.92 43.58
-30.2429 0.64 41.09
-23.5329 7.27 43.97
-23.7105 -1.94 45.65
-23.3582 14.37 40.15
-28.9144 -16.59 38.25
-26.0835 -14.34 41.20
-28.3901 -10.26 41.41
-32.0981 -13.20 39.14
-22.8475 -16.71 43.89
-24.0796 -11.34 44.11
-24.2528 -18.63 40.32
-25.6929 -6.58 43.60
-22.6397 -7.66 46.96
-31.2108 -6.56 41.09
-20.2973 -25.19 50.96
-21.0882 -19.17 50.62
-21.2532 -20.84 47.06
-20.2973 -26.58 46.27
-21.1978 -10.86 52.75
-21.4741 -12.50 50.25
-21.1424 -17.10 53.42
-21.9594 -14.50 47.25
-21.6217 -5.12 49.75
-21.8195 -22.02 42.94
-18.2411 2.30 55.04
-19.4344 2.57 53.69
-20.3097 -3.44 54.13
-19.4344 -2.75 55.59
-20.3631 2.66 51.86
-18.2411 8.46 53.33
-20.9554 -4.19 52.22
-20.8671 -9.31 54.76
-20.8560 -26.61 40.96
-19.7750 -29.97 37.61
-18.8696 -30.78 43.34
-22.8177 -22.74 38.60
-21.6604 -26.32 35.97
-21.5541 -27.41 27.67
-20.6119 -28.92 32.33
-22.7815 -25.60 31.43
-18.4521 -31.91 33.03
-19.5303 -30.34 27.85
-32.7434 -18.03 35.34
-29.2371 -20.49 33.32
-26.3417 -19.91 36.71
-29.3446 -21.80 27.47
-26.4687 -22.68 30.72
-33.0660 -20.45 30.23
-24.3316 -23.00 34.45
-24.3472 -24.40 27.52
-26.3294 -19.89 18.42
-29.2371 -20.51 21.67
-32.7434 -18.06 19.65
-22.6952 -22.09 16.93
-24.3001 -22.85 20.71
-26.4648 -22.67 24.28
-22.7432 -25.39 23.79
-33.0660 -20.46 24.70
-18.2411 -26.13 14.20
-19.4440 -27.79 18.72
-20.4595 -24.30 15.43
-20.4930 -28.18 23.34
-18.2833 -30.55 22.95
-21.5032 -25.42 19.67
-20.4115 21.99 15.43
-19.4344 26.05 18.69
-22.2151 18.45 16.93
-21.2872 22.45 19.65
-21.2795 24.34 27.49
-20.4076 25.80 23.22
-22.1767 21.73 23.75
-19.4344 28.35 27.47
-28.7104 11.97 19.65
-26.2795 14.93 21.67
-24.6490 14.91 18.42
-26.1720 16.23 27.47
-24.5146 17.70 24.27
-28.3877 14.37 24.70
-23.2429 18.52 20.70
-23.2045 20.07 27.49
-24.6490 15.00 36.68
-26.2795 14.96 33.32
-28.7104 11.99 35.34
-22.2151 18.97 38.22
-23.2429 18.67 34.34
-24.5146 17.72 30.70
-22.1767 21.88 31.25
-28.3877 14.38 30.23
-19.4344 27.35 36.30
-20.4115 23.53 39.66
-20.4076 26.24 31.76
-21.2872 23.04 35.39
-37.0210 -15.42 18.15
-41.6410 -12.51 17.13
-35.8976 -9.90 15.56
-53.1414 -11.50 17.71
-46.2203 -9.36 16.49
-48.1676 -14.41 18.88
-43.8735 -3.27 15.69
-39.9298 -6.57 15.48
-50.4374 -5.99 16.16
-34.5436 -3.24 14.70
-74.1847 -5.86 17.95
-67.8042 -5.60 17.00
-64.6418 -9.52 17.92
-71.4742 -9.95 19.28
-63.3813 -0.35 16.24
-60.9449 -4.38 16.40
-69.6639 -1.23 16.43
-57.4814 -8.13 16.90
-54.0514 -2.44 16.13
-60.3276 -12.85 19.20
-55.2884 9.26 19.28
-53.2150 6.36 17.92
-58.9584 4.90 17.00
-60.2113 8.46 17.95
-44.7835 5.53 17.71
-50.6215 3.25 16.90
-47.7753 7.98 19.20
-56.9119 1.23 16.40
-47.4875 0.02 16.16
-64.7321 3.82 16.43
-33.1897 3.41 15.56
-36.3520 5.84 17.13
-32.0662 8.93 18.15
-38.0631 -0.10 15.48
-41.5266 2.83 16.49
-39.5793 7.88 18.88
-32.0662 8.96 36.85
-36.3520 5.86 37.86
-33.1897 3.46 39.53
-44.7835 5.54 37.20
-41.5266 2.84 38.48
-39.5793 7.89 36.05
-43.8735 -3.24 39.29
-38.0631 -0.06 39.56
-47.4875 0.03 38.77
-34.5436 -3.18 40.45
-60.2113 8.46 36.94
-58.9584 4.90 37.89
-53.2150 6.36 36.97
-55.2884 9.26 35.61
-63.3813 -0.35 38.65
-56.9119 1.23 38.49
-64.7321 3.82 38.46
-50.6215 3.26 38.01
-54.0514 -2.43 38.78
-47.7753 7.98 35.70
-71.4742 -9.95 35.61
-64.6418 -9.52 36.97
-67.8042 -5.60 37.89
-74.1847 -5.86 36.94
-53.1414 -11.49 37.20
-57.4814 -8.13 38.01
-60.3276 -12.85 35.70
-60.9449 -4.38 38.49
-50.4374 -5.98 38.77
-69.6639 -1.23 38.46
-35.8976 -9.85 39.53
-41.6410 -12.49 37.86
-37.0210 -15.39 36.85
-39.9298 -6.54 39.56
-46.2203 -9.34 38.48
-48.1676 -14.41 36.05
-42.8855 -16.82 34.50
-37.7124 -18.81 32.57
-55.1080 -15.50 34.07
-49.3660 -17.52 32.14
-49.7655 -18.56 27.45
-43.5077 -18.98 29.94
-56.0913 -17.51 29.78
-37.9429 -19.95 27.46
-77.4726 -9.23 33.90
-73.7327 -12.63 31.91
-67.3305 -13.25 33.92
-74.4855 -13.53 27.44
-68.6749 -15.12 29.73
-79.1165 -10.92 29.72
-62.0791 -15.76 31.96
-62.6629 -16.73 27.45
-67.3305 -13.25 20.97
-73.7327 -12.63 22.98
-77.4726 -9.23 20.99
-55.1080 -15.51 20.83
-62.0791 -15.76 22.94
-68.6749 -15.12 25.16
-56.0913 -17.51 25.11
-79.1165 -10.92 25.17
-37.7124 -18.82 22.37
-42.8855 -16.83 20.43
-43.5077 -18.98 24.97
-49.3660 -17.53 22.76
-35.1075 10.16 20.43
-31.3748 12.33 22.37
-42.8169 9.54 20.83
-38.3809 11.00 22.76
-37.9814 12.03 27.45
-34.4853 12.32 24.97
-41.8336 11.54 25.11
-31.1444 13.46 27.46
-56.9235 11.83 20.99
-53.0299 11.94 22.98
-50.5263 10.10 20.97
-52.2771 12.83 27.44
-49.1820 11.97 25.16
-55.2795 13.51 25.17
-46.0238 10.88 22.94
-45.4400 11.85 27.45
-50.5263 10.10 33.92
-53.0299 11.94 31.91
-56.9235 11.83 33.90
-42.8169 9.54 34.07
-46.0238 10.88 31.96
-49.1820 11.97 29.73
-41.8336 11.54 29.78
-55.2795 13.51 29.72
-31.3748 12.34 32.57
-35.1075 10.17 34.50
-34.4853 12.32 29.94
-38.3809 11.00 32.14
-2.7276 13.20 3.86
-5.4127 19.08 6.03
-2.7276 0.00 2.14
-5.4127 6.73 2.60
-10.4844 6.60 2.84
-8.0124 13.12 3.96
-8.0124 -0.03 2.25
-10.4844 18.83 6.24
-2.7276 -24.16 9.01
-5.4127 -19.09 6.03
-2.7276 -13.20 3.86
-10.4844 -18.97 6.24
-8.0124 -13.18 3.96
-8.0124 -24.09 9.09
-5.4127 -6.74 2.60
-10.4844 -6.74 2.84
-16.7068 -12.80 5.30
-14.8742 -18.63 6.82
-16.7068 -23.09 10.13
-16.7068 -0.40 3.69
-14.8742 -6.74 3.52
-12.7858 -13.06 4.37
-12.7858 -0.14 2.69
-12.7858 -23.78 9.41
-14.8742 18.13 6.82
-16.7068 12.00 5.30
-12.7858 12.78 4.37
-14.8742 6.24 3.52
-2.7276 -24.58 64.19
-5.3919 -27.49 63.78
-2.7276 -30.06 63.25
-2.7276 -17.98 64.50
-5.4002 -21.34 64.40
-10.3601 -21.22 64.24
-7.9461 -24.48 64.12
-7.9710 -17.98 64.43
-7.9213 -29.87 63.19
-10.2772 -27.15 63.64
-2.7276 -5.90 63.25
-5.3919 -8.47 63.78
-2.7276 -11.38 64.19
-10.2772 -8.81 63.64
-7.9461 -11.49 64.12
-7.9213 -6.09 63.19
-5.4002 -14.62 64.40
-10.3601 -14.75 64.24
-16.8027 -10.43 62.59
-15.9276 -12.50 63.25
-14.1743 -9.67 63.26
-15.4921 -8.27 62.59
-16.2392 -17.98 63.48
-14.4728 -15.03 63.80
-17.5343 -15.21 62.93
-12.4543 -11.91 63.85
-12.5786 -17.98 64.14
-12.3300 -6.87 62.98
-15.4921 -27.69 62.59
-14.1743 -26.29 63.26
-15.9276 -23.46 63.25
-16.8027 -25.53 62.59
-12.4543 -24.05 63.85
-12.3300 -29.09 62.98
-14.4728 -20.93 63.80
-17.5343 -20.75 62.93
-2.7276 -31.05 17.39
-5.4127 -28.07 12.88
-2.7276 -34.56 27.64
-5.4136 -33.12 22.39
-10.4940 -32.84 22.46
-8.0134 -30.94 17.43
-8.0220 -34.41 27.67
-10.4844 -27.86 13.02
-2.7276 -35.96 47.52
-5.4222 -35.90 43.13
-2.7276 -35.82 38.21
-10.5803 -35.38 43.23
-8.0422 -35.62 38.24
-8.0546 -35.70 47.57
-5.4175 -35.36 32.99
-10.5323 -34.97 33.05
-17.0367 -32.98 38.45
-15.2041 -33.87 43.48
-17.3246 -32.01 48.22
-16.8027 -32.54 27.89
-15.0228 -33.89 33.17
-12.9344 -34.80 38.39
-12.8338 -33.83 27.77
-12.9968 -34.67 47.77
-14.8742 -27.27 13.42
-16.7164 -29.52 18.03
-12.7906 -30.50 17.62
-14.9039 -32.06 22.65
-16.7068 1.86 56.09
-14.8742 5.88 55.59
-16.7068 7.27 54.64
-10.4844 7.70 55.87
-12.7858 9.91 55.17
-12.7858 4.46 56.37
-12.7858 16.55 53.60
-14.8742 12.05 54.22
-10.4844 13.88 54.67
-16.7068 13.96 52.86
-2.7276 11.38 55.47
-5.4127 8.36 55.97
-2.7276 5.90 56.53
-2.7276 17.98 54.01
-5.4127 14.54 54.83
-8.0124 11.08 55.41
-8.0124 17.69 53.93
-8.0124 5.61 56.50
-5.4127 27.47 48.87
-2.7276 24.58 51.16
-10.4844 26.93 48.68
-8.0124 24.33 51.07
-5.4127 21.28 52.80
-10.4844 20.67 52.61
-16.7068 20.97 49.94
-14.8742 25.43 48.17
-14.8742 18.95 52.06
-12.7858 23.29 50.72
-18.8696 -29.50 52.40
-19.7410 -26.75 55.60
-20.6833 -22.52 54.28
-19.1900 -26.94 59.10
-20.2866 -23.83 57.79
-18.3343 -29.66 57.28
-20.8580 -16.88 58.31
-20.9211 -19.72 56.59
-20.4555 -20.77 59.40
-21.0913 -14.79 55.59
-18.2397 -23.46 62.19
-18.2833 -26.27 61.33
-16.8027 -27.69 61.99
-18.7537 -17.98 62.33
-19.4375 -20.88 61.50
-19.5722 -23.92 60.45
-20.1851 -17.76 60.61
-17.6943 -29.05 60.29
-16.8027 -8.27 61.99
-18.2737 -9.61 61.39
-18.2397 -12.50 62.19
-19.0941 -8.14 59.68
-19.5434 -11.65 60.61
-17.6521 -6.60 60.59
-19.4336 -14.97 61.52
-20.4172 -14.13 59.61
-20.2991 -7.69 56.36
-19.4004 -6.10 57.65
-18.2411 -2.07 56.79
-20.7916 -12.45 57.28
-20.1427 -10.17 58.60
-18.1233 -4.73 58.75
-16.6834 -1.57 57.86
-14.8742 1.43 57.05
-16.4730 -3.80 59.74
-14.8073 -1.32 58.86
-10.4636 0.43 58.92
-12.7755 0.97 57.98
-12.6822 -1.36 59.82
-10.4844 3.22 57.18
-14.1743 -5.85 62.20
-15.9510 -5.78 61.40
-10.2772 -4.49 62.44
-12.4647 -3.62 61.57
-14.5397 -3.41 60.67
-10.3808 -1.78 60.78
-2.7276 -2.39 61.73
-5.3919 -3.99 62.54
-2.7276 0.00 59.89
-5.4023 -1.19 60.82
-7.9482 -2.63 61.69
-7.9917 -0.27 59.88
-5.4127 3.86 57.23
-2.7276 2.39 58.05
-8.0104 2.11 58.04
-5.4106 1.05 58.95
-2.7276 -35.89 54.30
-5.4222 -35.89 51.24
-2.7276 -35.26 58.82
-5.4154 -35.61 56.81
-10.5116 -34.99 56.86
-8.0401 -35.61 54.34
-8.0013 -34.99 58.82
-10.5803 -35.28 51.34
-5.3919 -31.97 62.54
-2.7276 -33.50 61.62
-10.2772 -31.47 62.44
-7.9492 -33.26 61.59
-5.4033 -34.49 60.39
-10.3904 -33.90 60.36
-15.9606 -30.11 61.31
-14.1743 -30.12 62.20
-16.5689 -31.42 58.89
-14.5694 -32.27 60.29
-12.4695 -32.27 61.47
-12.7302 -33.90 58.83
-15.2041 -33.51 51.64
-17.0133 -31.84 54.81
-12.9241 -34.50 54.47
-14.9559 -33.23 56.98
-79.5808 -4.93 19.28
-80.1289 0.06 17.95
-75.3116 -1.15 17.00
-82.7311 8.14 17.95
-79.3422 5.44 17.00
-83.9289 2.47 19.28
-73.8147 9.02 16.24
-75.0961 3.90 16.43
-77.4840 10.95 16.43
-70.1666 3.42 16.24
-80.2020 29.94 17.95
-79.1885 24.33 17.00
-82.5645 18.17 17.95
-83.7077 23.45 19.28
-73.7422 25.38 16.24
-77.3604 19.79 16.43
-75.2581 30.29 16.43
-80.4499 13.99 17.00
-74.8363 16.37 16.24
-85.1080 12.01 19.28
-63.7768 27.31 19.28
-66.4791 23.17 17.95
-68.2960 26.43 17.00
-64.9209 31.02 17.95
-66.5126 16.82 17.95
-69.2227 18.75 17.00
-64.5646 20.72 19.28
-71.6832 21.55 16.43
-71.7598 14.01 16.43
-69.8648 30.67 16.43
-65.0216 7.98 17.00
-64.5728 11.93 17.95
-60.7524 11.77 19.28
-69.6057 8.09 16.43
-68.2871 12.60 17.00
-63.7005 15.57 19.28
-60.7524 11.77 35.61
-64.5728 11.93 36.94
-65.0216 7.98 37.89
-66.5126 16.82 36.94
-68.2871 12.60 37.89
-63.7005 15.57 35.61
-73.8147 9.02 38.65
-69.6057 8.09 38.46
-71.7598 14.01 38.46
-70.1666 3.42 38.65
-64.9209 31.02 36.94
-68.2960 26.43 37.89
-66.4791 23.17 36.94
-63.7768 27.31 35.61
-73.7422 25.38 38.65
-71.6832 21.55 38.46
-69.8648 30.67 38.46
-69.2227 18.75 37.89
-74.8363 16.37 38.65
-64.5646 20.72 35.61
-83.7077 23.45 35.61
-82.5645 18.17 36.94
-79.1885 24.33 37.89
-80.2020 29.94 36.94
-82.7311 8.14 36.94
-80.4499 13.99 37.89
-85.1080 12.01 35.61
-77.3604 19.79 38.46
-77.4840 10.95 38.46
-75.2581 30.29 38.46
-75.3116 -1.15 37.89
-80.1289 0.06 36.94
-79.5808 -4.93 35.61
-75.0961 3.90 38.46
-79.3422 5.44 37.89
-83.9289 2.47 35.61
-83.7892 -2.74 33.90
-82.2080 -7.27 31.91
-86.5473 6.10 33.90
-86.7515 0.64 31.91
-87.6923 0.03 27.44
-85.6193 -4.13 29.72
-88.4554 5.07 29.72
-83.0838 -8.04 27.44
-83.7975 29.69 33.90
-86.4888 22.91 31.91
-86.3493 17.00 33.90
-87.4158 22.73 27.44
-88.2417 16.41 29.72
-85.5953 29.56 29.72
-87.9745 10.80 31.91
-88.9301 10.39 27.44
-86.3493 17.00 20.99
-86.4888 22.91 22.98
-83.7975 29.69 20.99
-86.5473 6.10 20.99
-87.9745 10.80 22.98
-88.2417 16.41 25.17
-88.4554 5.07 25.17
-85.5953 29.56 25.17
-82.2080 -7.27 22.98
-83.7892 -2.74 20.99
-85.6193 -4.13 25.17
-86.7515 0.64 22.98
-60.9126 14.72 20.99
-58.1252 14.10 22.98
-62.6964 18.86 20.99
-60.8779 17.39 22.98
-59.9370 18.00 27.44
-59.0824 16.12 25.17
-60.7884 19.89 25.17
-57.2495 14.87 27.44
-61.3254 31.27 20.99
-60.9957 27.85 22.98
-62.6943 24.35 20.99
-60.0687 28.03 27.44
-60.8019 24.94 25.17
-59.5276 31.40 25.17
-61.6980 21.94 22.98
-60.7425 22.34 27.44
-62.6943 24.35 33.90
-60.9957 27.85 31.91
-61.3254 31.27 33.90
-62.6964 18.86 33.90
-61.6980 21.94 31.91
-60.8019 24.94 29.72
-60.7884 19.89 29.72
-59.5276 31.40 29.72
-58.1252 14.10 31.91
-60.9126 14.72 33.90
-59.0824 16.12 29.72
-60.8779 17.39 31.91
-65.9749 35.65 17.00
-62.2345 40.25 17.95
-61.7691 35.39 19.28
-71.0433 35.96 16.24
-66.7511 41.17 16.43
-62.5345 52.01 16.43
-62.5373 45.82 17.00
-67.1023 47.45 16.24
-58.7493 44.47 19.28
-58.5037 49.90 17.95
-80.3175 36.53 19.28
-76.1948 43.09 17.95
-76.1118 36.27 17.00
-70.9626 56.41 17.95
-71.6673 49.09 17.00
-75.4553 50.44 19.28
-71.6782 42.17 16.43
-66.9318 54.30 16.43
-58.4138 78.12 17.95
-60.0400 72.03 17.00
-64.9031 68.54 17.95
-63.0993 75.19 19.28
-56.3532 68.23 16.24
-61.2981 65.41 16.43
-55.0565 74.20 16.43
-66.1963 61.45 17.00
-62.1340 58.62 16.24
-69.5672 63.79 19.28
-49.6071 61.27 19.28
-53.7604 58.86 17.95
-52.6664 64.43 17.00
-48.0365 66.01 17.95
-58.0717 55.80 17.00
-54.7009 53.45 19.28
-57.3654 61.99 16.43
-51.3939 69.93 16.43
-76.1118 36.27 37.89
-76.1948 43.09 36.94
-80.3175 36.53 35.61
-71.0433 35.96 38.65
-71.6782 42.17 38.46
-66.9318 54.30 38.46
-71.6673 49.09 37.89
-67.1023 47.45 38.65
-75.4553 50.44 35.61
-70.9626 56.41 36.94
-61.7691 35.39 35.61
-62.2345 40.25 36.94
-65.9749 35.65 37.89
-58.5037 49.90 36.94
-62.5373 45.82 37.89
-58.7493 44.47 35.61
-66.7511 41.17 38.46
-62.5345 52.01 38.46
-48.0365 66.01 36.94
-52.6664 64.43 37.89
-53.7604 58.86 36.94
-49.6071 61.27 35.61
-56.3532 68.23 38.65
-57.3654 61.99 38.46
-51.3939 69.93 38.46
-58.0717 55.80 37.89
-62.1340 58.62 38.65
-54.7009 53.45 35.61
-63.0993 75.19 35.61
-64.9031 68.54 36.94
-60.0400 72.03 37.89
-58.4139 78.12 36.94
-66.1963 61.45 37.89
-69.5672 63.79 35.61
-61.2981 65.41 38.46
-55.0565 74.20 38.46
-82.9057 36.69 22.98
-79.4796 43.76 20.99
-83.7684 36.74 27.44
-81.1220 44.10 25.17
-75.3599 58.71 25.17
-77.7864 51.27 22.98
-78.5634 51.55 27.44
-73.8941 57.94 20.99
-79.4796 43.76 33.90
-82.9057 36.69 31.91
-73.8941 57.94 33.90
-77.7864 51.27 31.91
-81.1220 44.10 29.72
-75.3599 58.71 29.72
-60.8556 80.97 33.90
-64.9819 77.13 31.91
-67.5249 70.82 33.90
-65.6095 77.78 27.44
-68.8357 71.96 29.72
-62.0764 82.40 29.72
-71.6415 65.23 31.91
-72.3330 65.71 27.44
-67.5249 70.82 20.99
-64.9819 77.13 22.98
-60.8556 80.97 20.99
-71.6415 65.23 22.98
-68.8357 71.96 25.17
-62.0764 82.40 25.17
-59.1810 35.23 31.91
-58.9497 39.58 33.90
-58.3182 35.18 27.44
-57.3073 39.24 29.72
-54.1064 47.60 29.72
-56.4183 43.63 31.91
-55.6413 43.35 27.44
-55.5722 48.37 33.90
-58.9497 39.58 20.99
-59.1810 35.23 22.98
-55.5722 48.37 20.99
-56.4183 43.63 22.98
-57.3073 39.24 25.17
-54.1064 47.60 25.17
-45.5948 63.16 20.99
-47.7245 59.33 22.98
-51.1387 56.58 20.99
-47.0969 58.68 27.44
-49.8278 55.44 25.17
-44.3739 61.73 25.17
-52.6265 52.01 22.98
-51.9351 51.53 27.44
-51.1387 56.58 33.90
-47.7245 59.33 31.91
-45.5948 63.16 33.90
-52.6265 52.01 31.91
-49.8278 55.44 29.72
-44.3739 61.73 29.72
-56.4977 83.25 19.28
-51.8957 84.15 17.95
-53.5395 79.53 17.00
-45.7672 87.69 17.95
-47.1012 83.97 17.00
-50.1751 88.00 19.28
-43.3968 79.10 16.24
-48.5171 79.74 16.43
-42.1748 83.03 16.43
-49.9746 75.05 16.24
-36.3661 92.92 17.95
-36.2964 89.13 17.00
-40.4501 90.14 17.95
-39.8829 93.34 19.28
-31.9743 84.05 16.24
-36.5556 85.39 16.43
-32.1850 88.16 16.43
-41.1964 86.71 17.00
-37.2026 81.67 16.24
-44.5105 90.89 19.28
-24.0656 74.75 19.28
-28.4124 75.47 17.95
-27.6521 78.97 17.00
-23.4428 78.22 17.95
-34.6635 73.29 17.95
-33.2087 76.63 17.00
-29.8947 72.45 19.28
-32.3069 80.22 16.43
-38.2559 77.95 16.43
-27.6239 82.97 16.43
-46.4096 70.56 17.00
-41.4527 70.53 17.95
-43.4514 66.84 19.28
-44.8313 74.94 16.43
-39.6925 74.23 17.00
-36.6186 70.19 19.28
-43.4514 66.84 35.61
-41.4527 70.53 36.94
-46.4096 70.56 37.89
-34.6635 73.29 36.94
-39.6925 74.23 37.89
-36.6186 70.19 35.61
-43.3968 79.10 38.65
-44.8313 74.94 38.46
-38.2559 77.95 38.46
-49.9746 75.05 38.65
-23.4428 78.22 36.94
-27.6521 78.97 37.89
-28.4124 75.47 36.94
-24.0656 74.75 35.61
-31.9743 84.05 38.65
-32.3069 80.22 38.46
-27.6239 82.97 38.46
-33.2087 76.63 37.89
-37.2026 81.67 38.65
-29.8947 72.45 35.61
-39.8829 93.34 35.61
-40.4501 90.14 36.94
-36.2964 89.13 37.89
-36.3661 92.92 36.94
-45.7672 87.69 36.94
-41.1964 86.71 37.89
-44.5105 90.89 35.61
-36.5556 85.39 38.46
-42.1748 83.03 38.46
-32.1850 88.16 38.46
-53.5395 79.53 37.89
-51.8957 84.15 36.94
-56.4977 83.25 35.61
-48.5171 79.74 38.46
-47.1012 83.97 37.89
-50.1751 88.00 35.61
-54.3528 87.35 33.90
-58.3181 85.54 31.91
-48.3799 91.07 33.90
-52.0667 90.49 31.91
-52.6972 91.32 27.44
-55.5814 88.96 29.72
-49.6862 92.76 29.72
-58.9249 86.31 27.44
-39.4069 96.37 33.90
-42.0900 95.94 31.91
-43.2825 93.59 33.90
-42.8257 96.80 27.44
-44.6987 95.31 29.72
-40.9272 98.10 29.72
-46.5499 93.46 31.91
-47.2297 94.32 27.44
-43.2825 93.59 20.99
-42.0900 95.94 22.98
-39.4069 96.37 20.99
-48.3799 91.07 20.99
-46.5499 93.46 22.98
-44.6987 95.31 25.17
-49.6862 92.76 25.17
-40.9272 98.10 25.17
-58.3181 85.54 22.98
-54.3528 87.35 20.99
-55.5814 88.96 25.17
-52.0667 90.49 22.98
-38.9955 67.32 20.99
-41.6310 64.55 22.98
-32.0509 69.91 20.99
-34.7270 67.71 22.98
-34.0965 66.88 27.44
-37.7669 65.72 25.17
-30.7445 68.22 25.17
-41.0242 63.79 27.44
-20.4020 74.76 20.99
-21.8586 72.16 22.98
-25.5800 72.02 20.99
-21.1229 71.30 27.44
-24.1638 70.29 25.17
-18.8817 73.03 25.17
-27.8552 69.88 22.98
-27.1754 69.02 27.44
-25.5800 72.02 33.90
-21.8586 72.16 31.91
-20.4020 74.76 33.90
-32.0509 69.91 33.90
-27.8552 69.88 31.91
-24.1638 70.29 29.72
-30.7445 68.22 29.72
-18.8817 73.03 29.72
-41.6310 64.55 31.91
-38.9955 67.32 33.90
-37.7669 65.72 29.72
-34.7270 67.71 31.91
-36.6715 96.81 19.28
-33.8043 97.09 17.99
-32.8727 92.60 17.00
-32.2593 101.68 18.33
-30.8691 97.20 17.16
-34.7239 101.32 19.41
-26.2247 92.24 16.42
-29.4579 92.36 16.47
-27.9821 97.22 16.86
-28.2946 87.52 16.24
-30.5665 108.19 20.88
-29.0628 105.49 19.28
-31.1683 105.49 19.24
-32.1374 108.19 20.88
-25.0748 101.67 18.71
-27.2745 101.74 17.95
-27.0899 105.45 20.07
-29.7024 101.74 17.83
-25.3048 97.23 17.12
-33.3563 105.46 19.93
-18.0122 93.25 20.88
-19.0964 92.71 19.24
-21.0868 97.05 19.28
-19.5831 96.58 20.88
-19.0403 87.57 18.33
-20.9072 92.40 17.83
-17.2533 88.36 19.93
-22.9902 97.21 17.95
-23.3174 92.24 16.86
-23.0598 101.18 20.07
-23.7165 82.44 17.00
-20.3701 82.45 17.99
-19.9176 78.22 19.28
-24.7165 87.20 16.47
-21.5804 87.21 17.16
-17.7256 83.03 19.41
-19.9176 78.22 35.61
-20.3701 82.45 36.90
-23.7165 82.44 37.89
-19.0403 87.57 36.56
-21.5804 87.21 37.73
-17.7256 83.03 35.48
-26.2247 92.24 38.47
-24.7165 87.20 38.42
-23.3174 92.24 38.03
-28.2946 87.52 38.65
-19.5831 96.58 34.01
-21.0868 97.05 35.61
-19.0964 92.71 35.65
-18.0122 93.25 34.01
-25.0748 101.67 36.18
-22.9902 97.21 36.94
-23.0598 101.18 34.82
-20.9072 92.40 37.06
-25.3048 97.23 37.77
-17.2533 88.36 34.96
-32.1374 108.19 34.01
-31.1683 105.49 35.65
-29.0628 105.49 35.61
-30.5665 108.19 34.01
-32.2593 101.68 36.56
-29.7024 101.74 37.06
-33.3563 105.46 34.96
-27.2745 101.74 36.94
-27.9821 97.22 38.03
-27.0899 105.45 34.82
-32.8727 92.60 37.89
-33.8043 97.09 36.90
-36.6715 96.81 35.61
-29.4579 92.36 38.42
-30.8691 97.20 37.73
-34.7239 101.32 35.48
-36.9657 100.53 33.88
-39.0093 99.41 31.91
-35.3739 105.00 33.64
-37.0980 103.90 31.84
-37.8900 104.79 27.44
-38.5468 102.27 29.71
-36.9347 106.77 29.63
-39.7885 100.27 27.44
-32.1374 109.86 32.55
-33.8599 110.56 31.15
-33.9497 108.43 33.06
-34.4760 111.61 27.44
-35.3375 110.28 29.44
-33.0144 111.71 29.32
-35.6140 108.02 31.55
-36.3701 108.98 27.44
-33.9497 108.43 21.83
-33.8599 110.56 23.74
-32.1374 109.86 22.34
-35.3739 105.00 21.25
-35.6140 108.02 23.34
-35.3375 110.28 25.45
-36.9347 106.77 25.26
-33.0144 111.71 25.57
-39.0093 99.41 22.98
-36.9657 100.53 21.01
-38.5468 102.27 25.17
-37.0980 103.90 23.05
-17.2086 79.00 21.01
-17.5799 75.63 22.98
-15.9257 84.25 21.25
-15.3515 80.50 23.05
-14.5595 79.68 27.44
-15.6276 77.29 25.17
-14.3649 82.69 25.26
-16.8006 74.77 27.44
-18.0122 94.91 22.34
-16.2898 91.98 23.74
-16.3150 89.76 21.83
-15.6737 91.72 27.44
-14.9272 88.67 25.45
-17.1353 94.92 25.57
-14.9956 86.13 23.34
-14.2395 85.48 27.44
-16.3150 89.76 33.06
-16.2898 91.98 31.15
-18.0122 94.91 32.55
-15.9257 84.25 33.64
-14.9956 86.13 31.55
-14.9272 88.67 29.44
-14.3649 82.69 29.63
-17.1353 94.92 29.32
-17.5799 75.63 31.91
-17.2086 79.00 33.88
-15.6276 77.29 29.71
-15.3515 80.50 31.84
-21.0868 99.99 21.86
-19.0612 97.85 23.74
-25.0748 104.87 21.51
-22.9406 103.42 23.41
-22.8214 104.09 27.44
-20.7389 101.09 25.46
-25.0748 106.47 25.35
-18.6877 98.11 27.44
-31.0885 110.57 23.74
-29.0628 108.43 21.86
-31.4620 111.62 27.44
-29.4107 110.27 25.46
-27.2091 107.94 23.41
-27.3283 108.86 27.44
-29.0628 108.43 33.03
-31.0885 110.57 31.15
-25.0748 104.87 33.38
-27.2091 107.94 31.47
-29.4107 110.27 29.43
-25.0748 106.47 29.54
-19.0612 97.85 31.15
-21.0868 99.99 33.03
-20.7389 101.09 29.43
-22.9406 103.42 31.47
